time,open,close,high,low,vol,day,open-percent,close-percent
2026-06-26,9.45,9.07,9.51,9.06,81051.0,星期五,-0.0435,-0.0402
2026-06-25,10.15,9.88,10.15,9.2,104281.0,星期四,0.014,-0.0266
2026-06-24,9.67,10.01,10.08,9.56,107239.0,星期三,-0.0133,0.0352
2026-06-23,9.61,9.8,9.85,9.48,89481.0,星期二,0.0021,0.0198
2026-06-22,9.56,9.59,9.84,9.16,121300.0,星期一,0.001,0.0031
2026-06-18,9.8,9.55,9.93,9.48,75607.0,星期四,0.001,-0.0255
2026-06-17,9.76,9.79,9.85,9.51,82452.0,星期三,-0.0041,0.0031
2026-06-16,10.35,9.8,10.35,9.76,81802.0,星期二,0.0117,-0.0531
2026-06-15,10.52,10.23,10.99,10.16,89642.0,星期一,0.0106,-0.0276
2026-06-12,10.15,10.41,10.78,10.14,78729.0,星期五,0.01,0.0256
2026-06-11,10.64,10.05,10.68,9.95,75907.0,星期四,-0.0102,-0.0555
2026-06-10,10.85,10.75,10.95,10.62,26427.0,星期三,-0.0127,-0.0092
2026-06-09,10.92,10.99,11.13,10.72,39703.0,星期二,-0.0082,0.0064
2026-06-08,11.08,11.01,11.32,10.88,40297.0,星期一,-0.0272,-0.0063
2026-06-05,11.84,11.39,11.84,11.33,52499.0,星期五,0.0102,-0.038
2026-06-04,12.48,11.72,12.49,11.66,117696.0,星期四,0.0155,-0.0609
2026-06-03,11.38,12.29,12.44,11.3,150269.0,星期三,0.0062,0.08
2026-06-02,11.25,11.31,11.58,11.06,45381.0,星期二,0.0,0.0053
2026-06-01,10.9,11.25,11.32,10.85,39423.0,星期一,-0.0064,0.0321
2026-05-29,11.3,10.97,11.38,10.95,42058.0,星期五,0.0,-0.0292
2026-05-28,11.31,11.3,11.45,11.16,23267.0,星期四,0.0,-0.0009
2026-05-27,11.75,11.31,11.75,11.23,37781.0,星期三,0.0,-0.0374
2026-05-26,12.06,11.75,12.19,11.66,31049.0,星期二,-0.0082,-0.0257
2026-05-25,12.17,12.16,12.31,12.04,20356.0,星期一,0.0016,-0.0008
2026-05-22,12.3,12.15,12.4,12.1,31550.0,星期五,0.0041,-0.0122
2026-05-21,12.72,12.25,12.78,12.25,42885.0,星期四,0.0,-0.0369
2026-05-20,12.63,12.72,12.8,12.5,26845.0,星期三,0.0,0.0071
2026-05-19,12.45,12.63,12.69,12.37,28739.0,星期二,0.0,0.0145
2026-05-18,12.64,12.45,12.68,12.37,32838.0,星期一,-0.0063,-0.015
2026-05-15,12.69,12.72,12.9,12.38,57032.0,星期五,-0.0055,0.0024
2026-05-14,12.67,12.76,12.88,12.53,53503.0,星期四,-0.0039,0.0071
2026-05-13,12.61,12.72,12.82,12.56,45055.0,星期三,0.0,0.0087
2026-05-12,12.94,12.61,12.95,12.59,30239.0,星期二,0.0054,-0.0255
2026-05-11,12.96,12.87,12.99,12.78,32337.0,星期一,0.0,-0.0069
2026-05-08,12.82,12.96,13.15,12.6,53304.0,星期五,0.0,0.0109
2026-05-07,12.86,12.82,13.07,12.79,48725.0,星期四,0.0055,-0.0031
2026-05-06,12.67,12.79,13.03,12.67,44678.0,星期三,-0.0071,0.0095
2026-04-30,12.93,12.76,13.0,12.57,64383.0,星期四,-0.01,-0.0131
2026-04-29,13.21,13.06,13.22,12.9,46978.0,星期三,-0.0008,-0.0114
2026-04-28,13.17,13.22,13.34,12.79,67425.0,星期二,0.0008,0.0038
2026-04-27,12.82,13.16,13.22,12.7,85575.0,星期一,0.0158,0.0265
2026-04-24,12.4,12.62,12.77,12.31,42246.0,星期五,0.0,0.0177
2026-04-23,12.37,12.4,12.64,12.25,35178.0,星期四,0.0032,0.0024
2026-04-22,12.46,12.33,12.56,12.21,37053.0,星期三,-0.0016,-0.0104
2026-04-21,12.08,12.48,12.75,12.07,63320.0,星期二,0.0,0.0331
2026-04-20,12.18,12.08,12.22,12.0,37530.0,星期一,0.0,-0.0082
2026-04-17,12.22,12.18,12.37,12.0,22444.0,星期五,-0.0041,-0.0033
2026-04-16,12.11,12.27,12.29,12.05,14670.0,星期四,-0.0033,0.0132
2026-04-15,12.24,12.15,12.35,12.09,16245.0,星期三,0.0008,-0.0074
2026-04-14,12.13,12.23,12.24,12.07,19348.0,星期二,-0.0008,0.0082
2026-04-13,12.09,12.14,12.19,12.04,14558.0,星期一,-0.0082,0.0041
2026-04-10,11.99,12.19,12.35,11.99,16319.0,星期五,-0.0042,0.0167
2026-04-09,12.2,12.04,12.2,11.98,17333.0,星期四,-0.0025,-0.0131
2026-04-08,12.03,12.23,12.3,11.99,25655.0,星期三,0.0143,0.0166
2026-04-07,11.64,11.86,11.9,11.64,11473.0,星期二,-0.0051,0.0189
2026-04-03,12.08,11.7,12.15,11.66,21868.0,星期五,-0.0025,-0.0315
2026-04-02,12.21,12.11,12.4,12.0,19256.0,星期四,-0.0081,-0.0082
2026-04-01,11.9,12.31,12.41,11.9,31595.0,星期三,0.0059,0.0345
2026-03-31,12.25,11.83,12.31,11.8,28522.0,星期二,0.0016,-0.0343
2026-03-30,12.29,12.23,12.29,12.08,17030.0,星期一,-0.0041,-0.0049
2026-03-27,12.04,12.34,12.34,11.88,20866.0,星期五,0.0,0.0249
2026-03-26,12.38,12.04,12.39,12.0,21946.0,星期四,0.0057,-0.0275
2026-03-25,12.29,12.31,12.5,12.2,36130.0,星期三,0.0033,0.0016
2026-03-24,12.28,12.25,12.36,11.92,48731.0,星期二,0.0424,-0.0024
2026-03-23,12.6,11.78,12.62,11.69,61209.0,星期一,-0.0164,-0.0651
2026-03-20,13.05,12.81,13.15,12.7,36388.0,星期五,0.0008,-0.0184
2026-03-19,13.65,13.04,13.76,12.98,51145.0,星期四,-0.0044,-0.0447
2026-03-18,13.75,13.71,13.75,13.51,27289.0,星期三,0.0,-0.0029
2026-03-17,13.93,13.75,14.1,13.72,39340.0,星期二,0.0014,-0.0129
2026-03-16,13.76,13.91,13.98,13.61,44464.0,星期一,-0.0015,0.0109
2026-03-13,13.68,13.78,13.84,13.59,40228.0,星期五,-0.0015,0.0073
2026-03-12,13.62,13.7,13.82,13.57,39510.0,星期四,0.0015,0.0059
2026-03-11,13.73,13.6,13.76,13.53,36880.0,星期三,0.0015,-0.0095
2026-03-10,13.78,13.71,13.8,13.54,39282.0,星期二,0.008,-0.0051
2026-03-09,13.5,13.67,13.73,13.18,64913.0,星期一,-0.0088,0.0126
2026-03-06,13.43,13.62,13.79,13.43,42133.0,星期五,-0.003,0.0141
2026-03-05,13.51,13.47,13.54,13.18,50739.0,星期四,0.0067,-0.003
2026-03-04,13.02,13.42,13.53,12.9,73903.0,星期三,0.0,0.0307
2026-03-03,12.95,13.02,13.38,12.93,75746.0,星期二,0.0023,0.0054
2026-03-02,12.95,12.92,13.13,12.82,42633.0,星期一,-0.0084,-0.0023
2026-02-27,13.05,13.06,13.1,12.94,25952.0,星期五,-0.0015,0.0008
2026-02-26,13.05,13.07,13.44,12.99,49636.0,星期四,0.0038,0.0015
2026-02-25,12.93,13.0,13.12,12.92,58305.0,星期三,-0.0054,0.0054
2026-02-24,13.04,13.0,13.1,12.9,33256.0,星期二,0.0038,-0.0031
2026-02-13,12.9,12.99,13.17,12.82,27358.0,星期五,-0.0008,0.007
2026-02-12,13.0,12.91,13.06,12.82,23621.0,星期四,0.0008,-0.0069
2026-02-11,13.13,12.99,13.14,12.98,26854.0,星期三,0.0,-0.0107
2026-02-10,13.55,13.13,13.56,13.09,56115.0,星期二,0.0,-0.031
2026-02-09,13.02,13.55,13.59,12.95,88153.0,星期一,0.0062,0.0407
2026-02-06,13.01,12.94,13.17,12.7,61142.0,星期五,-0.0091,-0.0054
2026-02-05,12.7,13.13,13.19,12.32,106866.0,星期四,-0.0185,0.0339
2026-02-04,12.72,12.94,12.99,12.63,60158.0,星期三,0.0016,0.0173
2026-02-03,12.65,12.7,12.88,12.63,37477.0,星期二,0.0016,0.004
2026-02-02,13.12,12.63,13.12,12.62,42771.0,星期一,0.0061,-0.0373
2026-01-30,12.9,13.04,13.09,12.8,54128.0,星期五,-0.0039,0.0109
2026-01-29,13.15,12.95,13.29,12.95,39693.0,星期四,-0.0045,-0.0152
2026-01-28,13.28,13.21,13.4,13.15,30064.0,星期三,-0.003,-0.0053
2026-01-27,13.5,13.32,13.59,13.11,47353.0,星期二,-0.003,-0.0133
2026-01-26,14.0,13.54,14.06,13.45,63470.0,星期一,0.0,-0.0329
2026-01-23,14.15,14.0,14.2,13.93,54369.0,星期五,0.0007,-0.0106
2026-01-22,14.06,14.14,14.36,13.9,48231.0,星期四,-0.0007,0.0057
2026-01-21,13.98,14.07,14.16,13.81,37721.0,星期三,-0.0007,0.0064
2026-01-20,14.18,13.99,14.36,13.9,77351.0,星期二,-0.0014,-0.0134
2026-01-19,14.39,14.2,14.45,14.18,44638.0,星期一,0.0,-0.0132
2026-01-16,13.98,14.39,14.43,13.97,80492.0,星期五,-0.0043,0.0293
2026-01-15,13.75,14.04,14.08,13.61,52701.0,星期四,0.0015,0.0211
2026-01-14,13.98,13.73,14.1,13.68,89351.0,星期三,0.0,-0.0179
2026-01-13,14.05,13.98,14.35,13.96,77150.0,星期二,-0.0043,-0.005
2026-01-12,14.25,14.11,14.45,13.83,90914.0,星期一,0.0,-0.0098
2026-01-09,14.28,14.25,14.45,14.1,64342.0,星期五,0.0164,-0.0021
2026-01-08,14.2,14.05,14.35,14.05,50686.0,星期四,-0.007,-0.0106
2026-01-07,14.23,14.3,14.49,13.9,78932.0,星期三,-0.0063,0.0049
2026-01-06,13.43,14.32,14.45,13.35,123739.0,星期二,0.0098,0.0663
2026-01-05,13.25,13.3,13.52,12.96,60389.0,星期一,0.0076,0.0038
2025-12-31,13.24,13.15,13.3,13.03,44251.0,星期三,0.0,-0.0068
2025-12-30,13.41,13.24,13.44,13.21,51974.0,星期二,0.0,-0.0127
2025-12-29,14.15,13.41,14.2,13.38,84414.0,星期一,0.0,-0.0523
2025-12-26,13.69,14.15,14.28,13.65,100419.0,星期五,0.0051,0.0336
2025-12-25,13.8,13.62,13.8,13.56,55520.0,星期四,0.0,-0.013
2025-12-24,13.91,13.8,13.98,13.75,61608.0,星期三,0.0,-0.0079
2025-12-23,13.9,13.91,14.03,13.8,45969.0,星期二,-0.0036,0.0007
2025-12-22,14.02,13.95,14.4,13.9,71450.0,星期一,-0.0057,-0.005
2025-12-19,13.88,14.1,14.4,13.87,77526.0,星期五,0.0,0.0159
2025-12-18,14.1,13.88,14.15,13.76,68118.0,星期四,-0.007,-0.0156
2025-12-17,13.97,14.2,14.55,13.96,87943.0,星期三,-0.0085,0.0165
2025-12-16,15.29,14.09,15.37,14.0,130330.0,星期二,-0.0059,-0.0785
2025-12-15,15.81,15.38,15.98,15.35,78722.0,星期一,-0.0113,-0.0272
2025-12-12,16.0,15.99,16.63,15.47,178598.0,星期五,-0.0279,-0.0006
2025-12-11,18.32,16.46,18.37,16.46,260681.0,星期四,0.0016,-0.1015
2025-12-10,17.81,18.29,18.32,17.56,140611.0,星期三,-0.0028,0.027
2025-12-09,17.6,17.86,18.11,17.32,109404.0,星期二,0.0,0.0148
2025-12-08,17.31,17.6,17.68,16.95,91128.0,星期一,-0.0006,0.0168
2025-12-05,17.1,17.32,17.8,16.82,92618.0,星期五,0.0006,0.0129
2025-12-04,17.13,17.09,17.35,16.85,78176.0,星期四,0.0012,-0.0023
2025-12-03,17.42,17.11,17.5,16.82,78329.0,星期三,0.0152,-0.0178
2025-12-02,17.05,17.16,17.33,16.83,90046.0,星期二,-0.0087,0.0065
2025-12-01,15.96,17.2,17.28,15.96,164702.0,星期一,-0.0087,0.0777
2025-11-28,15.6,16.1,16.2,15.48,67280.0,星期五,-0.0076,0.0321
2025-11-27,16.11,15.72,16.14,15.61,61021.0,星期四,-0.0006,-0.0242
2025-11-26,15.98,16.12,16.44,15.58,91839.0,星期三,-0.005,0.0088
2025-11-25,16.4,16.06,16.52,15.88,119926.0,星期二,0.0212,-0.0207
2025-11-24,15.21,16.06,16.27,15.21,112545.0,星期一,-0.0026,0.0559
2025-11-21,15.6,15.25,16.06,15.13,114257.0,星期五,-0.012,-0.0224
2025-11-20,16.0,15.79,16.41,15.73,92140.0,星期四,-0.0117,-0.0131
2025-11-19,16.62,16.19,17.15,16.02,185765.0,星期三,-0.0166,-0.0259
2025-11-18,15.61,16.9,17.0,15.48,312529.0,星期二,0.0104,0.0826
2025-11-17,14.72,15.45,15.55,14.72,117887.0,星期一,-0.0047,0.0496
2025-11-14,14.61,14.79,15.13,14.61,66646.0,星期五,-0.0155,0.0123
2025-11-13,14.94,14.84,14.94,14.42,50013.0,星期四,0.0129,-0.0067
2025-11-12,14.37,14.75,14.85,14.31,64197.0,星期三,0.0007,0.0264
2025-11-11,14.25,14.36,14.98,14.14,81889.0,星期二,0.0071,0.0077
2025-11-10,14.2,14.15,14.3,13.92,57841.0,星期一,0.0,-0.0035
2025-11-07,14.26,14.2,14.34,14.08,35039.0,星期五,-0.0007,-0.0042
2025-11-06,14.7,14.27,14.7,14.11,45879.0,星期四,0.0131,-0.0293
2025-11-05,14.11,14.51,14.53,14.1,47724.0,星期三,-0.0112,0.0283
2025-11-04,14.37,14.27,14.63,14.05,65672.0,星期二,-0.0069,-0.007
2025-11-03,14.7,14.47,14.82,13.94,87121.0,星期一,-0.0108,-0.0156
2025-10-31,14.64,14.86,15.21,14.41,107441.0,星期五,-0.0007,0.015
2025-10-30,14.8,14.65,15.28,14.64,94952.0,星期四,0.0014,-0.0101
2025-10-29,14.85,14.78,15.13,14.65,60847.0,星期三,-0.002,-0.0047
2025-10-28,14.77,14.88,14.93,14.32,87350.0,星期二,0.0,0.0074
2025-10-27,14.6,14.77,15.21,14.59,122636.0,星期一,0.0139,0.0116
2025-10-24,13.94,14.4,14.58,13.94,97045.0,星期五,0.0,0.033
2025-10-23,13.81,13.94,14.08,13.62,68339.0,星期四,-0.0014,0.0094
2025-10-22,14.49,13.83,14.51,13.75,108956.0,星期三,-0.0069,-0.0455
2025-10-21,14.03,14.59,14.61,14.0,109761.0,星期二,-0.012,0.0399
2025-10-20,13.95,14.2,14.37,13.51,137066.0,星期一,0.005,0.0179
2025-10-17,13.65,13.88,14.0,13.4,111223.0,星期五,-0.0036,0.0168
2025-10-16,13.85,13.7,14.38,13.62,94792.0,星期四,-0.0114,-0.0108
2025-10-15,14.4,14.01,14.48,13.58,158441.0,星期三,-0.0048,-0.0271
2025-10-14,15.01,14.47,15.07,14.38,94797.0,星期二,0.0108,-0.036
2025-10-13,14.44,14.85,14.89,14.3,121920.0,星期一,-0.0386,0.0284
2025-10-10,15.15,15.02,15.35,14.69,194268.0,星期五,0.0,-0.0086
2025-10-09,13.71,15.15,15.15,13.6,233872.0,星期四,-0.0044,0.105
2025-09-30,13.69,13.77,13.91,13.4,119762.0,星期二,0.0015,0.0058
2025-09-29,13.71,13.67,13.73,13.21,91898.0,星期一,-0.0007,-0.0029
2025-09-26,13.61,13.72,14.02,13.58,109902.0,星期五,-0.0102,0.0081
2025-09-25,14.47,13.75,14.56,13.6,181715.0,星期四,-0.0055,-0.0498
2025-09-24,14.08,14.55,14.6,13.9,136153.0,星期三,0.0021,0.0334
2025-09-23,14.13,14.05,14.34,13.54,133086.0,星期二,0.0078,-0.0057
2025-09-22,14.0,14.02,14.07,13.68,135684.0,星期一,0.0007,0.0014
2025-09-19,13.26,13.99,14.28,13.26,245764.0,星期五,0.0008,0.0551
2025-09-18,13.63,13.25,13.85,13.13,192365.0,星期四,0.0081,-0.0279
2025-09-17,13.25,13.52,13.59,13.25,164140.0,星期三,-0.0045,0.0204
2025-09-16,13.4,13.31,13.59,13.2,210427.0,星期二,0.0045,-0.0067
2025-09-15,13.09,13.34,13.52,12.61,416247.0,星期一,-0.0008,0.0191
2025-09-12,12.2,13.1,13.34,12.2,601039.0,星期五,0.0058,0.0738
2025-09-11,11.03,12.13,12.13,10.98,276770.0,星期四,0.0,0.0997
2025-09-10,10.47,11.03,11.09,10.44,192444.0,星期三,0.0,0.0535
2025-09-09,10.24,10.47,10.54,10.15,96937.0,星期二,-0.001,0.0225
2025-09-08,10.2,10.25,10.38,10.15,78209.0,星期一,-0.002,0.0049
2025-09-05,10.14,10.22,10.25,9.91,88682.0,星期五,0.002,0.0079
2025-09-04,10.51,10.12,10.53,9.97,136987.0,星期四,-0.0019,-0.0371
2025-09-03,10.99,10.53,11.0,10.5,139558.0,星期三,0.0083,-0.0419
2025-09-02,10.94,10.9,11.05,10.7,160205.0,星期二,-0.0018,-0.0037
2025-09-01,11.2,10.96,11.45,10.77,434413.0,星期一,-0.0009,-0.0214
2025-08-29,10.44,11.21,11.21,9.95,716945.0,星期五,0.0245,0.0738
2025-08-28,10.06,10.19,10.24,9.75,128197.0,星期四,0.0,0.0129
2025-08-27,10.29,10.06,10.35,10.05,120214.0,星期三,0.0059,-0.0224
2025-08-26,10.22,10.23,10.35,10.2,73547.0,星期二,0.0,0.001
2025-08-25,10.23,10.22,10.3,10.16,92719.0,星期一,0.0,-0.001
2025-08-22,10.26,10.23,10.44,10.15,83491.0,星期五,0.0059,-0.0029
2025-08-21,10.16,10.2,10.59,10.13,146763.0,星期四,0.002,0.0039
2025-08-20,9.98,10.14,10.14,9.9,81967.0,星期三,0.0,0.016
2025-08-19,9.92,9.98,10.07,9.84,74235.0,星期二,-0.001,0.006
2025-08-18,10.1,9.93,10.12,9.71,144405.0,星期一,-0.002,-0.0168
2025-08-15,10.05,10.12,10.25,9.99,61532.0,星期五,-0.0079,0.007
2025-08-14,10.52,10.13,10.53,10.1,102623.0,星期四,0.0029,-0.0371
2025-08-13,10.36,10.49,10.54,10.31,73348.0,星期三,-0.001,0.0125
2025-08-12,10.29,10.37,10.4,10.27,44674.0,星期二,-0.0019,0.0078
2025-08-11,10.34,10.31,10.38,10.26,70863.0,星期一,0.0039,-0.0029
2025-08-08,10.23,10.3,10.45,10.21,51746.0,星期五,-0.0039,0.0068
2025-08-07,10.37,10.27,10.43,10.09,86435.0,星期四,-0.001,-0.0096
2025-08-06,10.4,10.38,10.57,10.32,79887.0,星期三,0.0,-0.0019
2025-08-05,10.3,10.4,10.55,10.26,63524.0,星期二,-0.001,0.0097
2025-08-04,10.3,10.31,10.37,10.18,61793.0,星期一,0.0,0.001
2025-08-01,10.4,10.3,10.48,10.28,54722.0,星期五,0.0,-0.0096
2025-07-31,10.55,10.4,10.65,10.33,84336.0,星期四,-0.0019,-0.0142
2025-07-30,10.65,10.57,10.78,10.53,76264.0,星期三,0.0009,-0.0075
2025-07-29,10.55,10.64,10.82,10.51,110659.0,星期二,0.0009,0.0085
2025-07-28,11.0,10.54,11.01,10.41,262610.0,星期一,-0.0152,-0.0418
2025-07-25,11.4,11.17,11.4,11.14,82820.0,星期五,-0.0009,-0.0202
2025-07-24,11.27,11.41,11.48,11.25,67102.0,星期四,-0.0044,0.0124
2025-07-23,11.46,11.32,11.65,11.27,92398.0,星期三,-0.0052,-0.0122
2025-07-22,11.39,11.52,11.65,11.24,110973.0,星期二,0.0071,0.0114
2025-07-21,11.0,11.31,11.45,10.99,112892.0,星期一,0.0036,0.0282
2025-07-18,11.02,10.96,11.02,10.88,43652.0,星期五,0.0055,-0.0054
2025-07-17,10.97,10.96,11.02,10.89,40546.0,星期四,0.0009,-0.0009
2025-07-16,10.93,10.96,11.03,10.82,48322.0,星期三,0.0018,0.0027
2025-07-15,10.85,10.91,11.03,10.8,56774.0,星期二,-0.0109,0.0055
2025-07-14,11.15,10.97,11.19,10.8,83763.0,星期一,0.0027,-0.0161
2025-07-11,11.08,11.12,11.18,11.03,64117.0,星期五,-0.0009,0.0036
2025-07-10,11.05,11.09,11.14,10.89,73636.0,星期四,0.0036,0.0036
2025-07-09,11.03,11.01,11.18,10.98,55512.0,星期三,-0.009,-0.0018
2025-07-08,10.96,11.13,11.27,10.96,85163.0,星期二,-0.0108,0.0155
2025-07-07,10.58,11.08,11.17,10.51,167145.0,星期一,0.0038,0.0473
2025-07-04,10.89,10.54,11.02,10.47,129693.0,星期五,-0.0082,-0.0321
2025-07-03,10.88,10.98,11.16,10.78,97741.0,星期四,0.0093,0.0092
2025-07-02,11.04,10.78,11.12,10.67,103972.0,星期三,-0.0072,-0.0236
2025-07-01,11.38,11.12,11.42,11.08,139156.0,星期二,0.0,-0.0228
2025-06-30,10.83,11.38,11.46,10.8,228299.0,星期一,0.0093,0.0508
2025-06-27,10.66,10.73,10.83,10.5,118585.0,星期五,0.0181,0.0066
2025-06-26,10.79,10.47,11.28,10.46,218742.0,星期四,-0.0019,-0.0297
2025-06-25,10.7,10.81,10.85,10.68,76951.0,星期三,-0.0074,0.0103
2025-06-24,10.56,10.78,10.84,10.56,94546.0,星期二,-0.0094,0.0208
2025-06-23,10.1,10.66,10.76,10.08,163174.0,星期一,-0.002,0.0554
2025-06-20,10.32,10.12,10.42,10.1,90312.0,星期五,-0.0086,-0.0194
2025-06-19,10.92,10.41,10.95,10.4,140205.0,星期四,-0.0036,-0.0467
2025-06-18,10.97,10.96,11.02,10.83,83960.0,星期三,-0.0027,-0.0009
2025-06-17,11.02,11.0,11.04,10.83,121824.0,星期二,0.0009,-0.0018
2025-06-16,10.38,11.01,11.18,10.38,204488.0,星期一,-0.001,0.0607
2025-06-13,10.24,10.39,10.41,10.08,166925.0,星期五,-0.0039,0.0146
2025-06-12,10.27,10.28,10.4,10.18,82895.0,星期四,-0.0039,0.001
2025-06-11,10.28,10.31,10.44,10.25,88749.0,星期三,-0.0087,0.0029
2025-06-10,10.34,10.37,10.38,10.11,159270.0,星期二,0.0098,0.0029
2025-06-09,10.02,10.24,10.33,9.96,177530.0,星期一,0.006,0.022
2025-06-06,9.64,9.96,10.0,9.63,125126.0,星期五,0.0,0.0332
2025-06-05,9.77,9.64,9.79,9.52,84484.0,星期四,0.0041,-0.0133
2025-06-04,9.69,9.73,9.8,9.6,96906.0,星期三,0.0,0.0041
2025-06-03,9.49,9.69,9.72,9.44,81069.0,星期二,0.0,0.0211
2025-05-30,9.6,9.49,9.64,9.47,62881.0,星期五,-0.0021,-0.0115
2025-05-29,9.43,9.62,9.77,9.42,116825.0,星期四,0.0,0.0201
2025-05-28,9.41,9.43,9.51,9.38,36121.0,星期三,-0.0021,0.0021
2025-05-27,9.39,9.43,9.46,9.32,34322.0,星期二,-0.0011,0.0043
2025-05-26,9.23,9.4,9.55,9.22,59146.0,星期一,0.0,0.0184
2025-05-23,9.35,9.23,9.42,9.23,48992.0,星期五,0.0032,-0.0128
2025-05-22,9.23,9.32,9.56,9.23,73766.0,星期四,-0.0054,0.0098
2025-05-21,9.35,9.28,9.39,9.24,36367.0,星期三,0.0,-0.0075
2025-05-20,9.4,9.35,9.46,9.32,45637.0,星期二,0.0021,-0.0053
2025-05-19,9.29,9.38,9.44,9.28,50204.0,星期一,-0.0021,0.0097
2025-05-16,9.35,9.31,9.39,9.27,32601.0,星期五,0.0043,-0.0043
2025-05-15,9.38,9.31,9.4,9.3,32489.0,星期四,0.0,-0.0075
2025-05-14,9.48,9.38,9.5,9.3,51567.0,星期三,0.0021,-0.0105
2025-05-13,9.55,9.46,9.62,9.43,61568.0,星期二,0.0021,-0.0094
2025-05-12,9.56,9.53,9.56,9.41,66043.0,星期一,0.0021,-0.0031
2025-05-09,9.45,9.54,9.63,9.41,74312.0,星期五,0.0,0.0095
2025-05-08,9.45,9.45,9.5,9.37,52187.0,星期四,0.0021,0.0
2025-05-07,9.57,9.43,9.62,9.4,71290.0,星期三,0.0053,-0.0146
2025-05-06,9.51,9.52,9.58,9.38,100118.0,星期二,0.0053,0.0011
2025-04-30,9.12,9.46,9.54,9.1,179947.0,星期三,0.0011,0.0373
2025-04-29,8.92,9.11,9.14,8.87,72311.0,星期二,0.0011,0.0213
2025-04-28,8.87,8.91,9.04,8.77,49146.0,星期一,0.0,0.0045
2025-04-25,8.66,8.87,9.05,8.62,76110.0,星期五,-0.0012,0.0242
2025-04-24,8.71,8.67,8.75,8.6,28021.0,星期四,0.0,-0.0046
2025-04-23,8.8,8.71,8.83,8.65,31585.0,星期三,0.0057,-0.0102
2025-04-22,8.71,8.75,8.81,8.67,41286.0,星期二,0.0011,0.0046
2025-04-21,8.72,8.7,8.76,8.65,27112.0,星期一,-0.0011,-0.0023
2025-04-18,8.75,8.73,8.8,8.58,33060.0,星期五,0.0081,-0.0023
2025-04-17,8.41,8.68,8.83,8.41,60448.0,星期四,-0.0083,0.0321
2025-04-16,8.45,8.48,8.57,8.42,34884.0,星期三,-0.0047,0.0036
2025-04-15,8.55,8.49,8.61,8.45,26178.0,星期二,0.0,-0.007
2025-04-14,8.4,8.55,8.57,8.33,58074.0,星期一,0.012,0.0179
2025-04-11,8.22,8.3,8.39,8.16,46004.0,星期五,0.0,0.0097
2025-04-10,8.36,8.22,8.41,8.21,66128.0,星期四,0.0146,-0.0167
2025-04-09,7.99,8.24,8.29,7.6,77264.0,星期三,-0.0099,0.0313
2025-04-08,8.2,8.07,8.26,7.87,97584.0,星期二,0.0061,-0.0159
2025-04-07,8.6,8.15,8.6,8.15,107175.0,星期一,-0.0508,-0.0523
2025-04-03,9.03,9.06,9.16,9.01,30660.0,星期四,-0.0055,0.0033
2025-04-02,9.03,9.08,9.19,9.03,33268.0,星期三,-0.0044,0.0055
2025-04-01,9.03,9.07,9.2,9.03,42386.0,星期二,-0.0011,0.0044
2025-03-31,9.3,9.04,9.32,8.91,70407.0,星期一,-0.0064,-0.028
2025-03-28,9.25,9.36,9.39,9.25,52094.0,星期五,-0.0064,0.0119
2025-03-27,9.39,9.31,9.41,9.24,47455.0,星期四,0.0021,-0.0085
2025-03-26,9.21,9.37,9.41,9.16,76778.0,星期三,0.0011,0.0174
2025-03-25,9.03,9.2,9.28,8.95,75686.0,星期二,-0.0022,0.0188
2025-03-24,9.33,9.05,9.35,8.85,99008.0,星期一,0.0054,-0.03
2025-03-21,9.48,9.28,9.49,9.27,64248.0,星期五,0.0,-0.0211
2025-03-20,9.35,9.48,9.63,9.35,84455.0,星期四,-0.0053,0.0139
2025-03-19,9.33,9.4,9.49,9.24,68392.0,星期三,-0.0011,0.0075
2025-03-18,9.36,9.34,9.48,9.27,71560.0,星期二,-0.0032,-0.0021
2025-03-17,9.34,9.39,9.47,9.34,66401.0,星期一,-0.0011,0.0054
2025-03-14,9.42,9.35,9.43,9.26,71957.0,星期五,-0.0011,-0.0074
2025-03-13,9.33,9.43,9.45,9.19,115400.0,星期四,0.0021,0.0107
2025-03-12,9.07,9.31,9.68,9.07,252448.0,星期三,0.0067,0.0265
2025-03-11,8.76,9.01,9.03,8.74,96578.0,星期二,-0.0045,0.0285
2025-03-10,8.75,8.8,8.89,8.75,51752.0,星期一,-0.0023,0.0057
2025-03-07,8.82,8.77,8.88,8.73,64221.0,星期五,-0.0045,-0.0057
2025-03-06,8.9,8.86,8.92,8.8,87237.0,星期四,0.0045,-0.0045
2025-03-05,8.84,8.86,8.89,8.73,48701.0,星期三,0.0,0.0023
2025-03-04,8.74,8.84,8.86,8.69,46023.0,星期二,-0.0034,0.0114
2025-03-03,8.81,8.77,8.86,8.7,60991.0,星期一,0.0069,-0.0045
2025-02-28,8.96,8.75,8.98,8.72,76278.0,星期五,-0.0055,-0.0234
2025-02-27,8.97,9.01,9.09,8.93,87682.0,星期四,-0.0011,0.0045
2025-02-26,8.94,8.98,9.04,8.91,90691.0,星期三,-0.0011,0.0045
2025-02-25,9.07,8.95,9.08,8.92,77905.0,星期二,-0.0098,-0.0132
2025-02-24,8.88,9.16,9.2,8.88,111273.0,星期一,-0.01,0.0315
2025-02-21,9.1,8.97,9.13,8.94,95326.0,星期五,-0.0033,-0.0143
2025-02-20,9.01,9.13,9.26,8.94,96365.0,星期四,0.0022,0.0133
2025-02-19,8.82,8.99,9.24,8.8,109176.0,星期三,-0.0056,0.0193
2025-02-18,9.19,8.87,9.22,8.8,150218.0,星期二,0.0,-0.0348
2025-02-17,9.11,9.19,9.27,9.08,116511.0,星期一,-0.0119,0.0088
2025-02-14,9.19,9.22,9.28,9.04,140568.0,星期五,0.0011,0.0033
2025-02-13,9.01,9.18,9.2,8.94,157098.0,星期四,-0.0121,0.0189
2025-02-12,8.95,9.12,9.12,8.86,144371.0,星期三,-0.011,0.019
2025-02-11,8.87,9.05,9.13,8.72,306533.0,星期二,-0.0111,0.0203
2025-02-10,8.18,8.97,8.97,8.18,406406.0,星期一,0.0037,0.0966
2025-02-07,8.08,8.15,8.2,8.04,63155.0,星期五,-0.0012,0.0087
2025-02-06,8.01,8.09,8.1,7.99,41221.0,星期四,-0.0062,0.01
2025-02-05,8.12,8.06,8.14,8.0,29039.0,星期三,0.0087,-0.0074
2025-01-27,8.12,8.05,8.21,8.0,36691.0,星期一,0.0074,-0.0086
2025-01-24,7.99,8.06,8.09,7.9,34852.0,星期五,0.0025,0.0088
2025-01-23,8.01,7.97,8.13,7.97,38648.0,星期四,0.0088,-0.005
2025-01-22,8.06,7.94,8.06,7.9,38195.0,星期三,-0.0012,-0.0149
2025-01-21,8.14,8.07,8.18,8.02,38204.0,星期二,0.0012,-0.0086
2025-01-20,8.12,8.13,8.2,8.07,33463.0,星期一,0.0,0.0012
2025-01-17,8.0,8.12,8.14,7.93,38198.0,星期五,-0.0012,0.015
2025-01-16,8.0,8.01,8.16,7.96,47045.0,星期四,-0.0025,0.0012
2025-01-15,7.93,8.02,8.07,7.92,32652.0,星期三,-0.0075,0.0113
2025-01-14,7.83,7.99,8.03,7.83,45556.0,星期二,0.0,0.0204
2025-01-13,7.78,7.83,7.88,7.66,36641.0,星期一,-0.0102,0.0064
2025-01-10,8.0,7.86,8.09,7.85,33733.0,星期五,-0.005,-0.0175
2025-01-09,8.1,8.04,8.16,8.0,38335.0,星期四,-0.0061,-0.0074
2025-01-08,8.4,8.15,8.4,7.96,58271.0,星期三,0.0,-0.0298
2025-01-07,8.24,8.4,8.4,8.15,33618.0,星期二,0.0,0.0194
2025-01-06,8.2,8.24,8.32,8.03,45476.0,星期一,-0.0024,0.0049
2025-01-03,8.53,8.22,8.67,8.2,69529.0,星期五,0.0035,-0.0363
2025-01-02,8.57,8.5,8.69,8.37,57229.0,星期四,-0.0058,-0.0082
2024-12-31,8.83,8.62,9.02,8.58,52855.0,星期二,0.0034,-0.0238
2024-12-30,8.87,8.8,8.89,8.7,47171.0,星期一,0.0,-0.0079
2024-12-27,8.68,8.87,8.98,8.65,64064.0,星期五,0.0,0.0219
2024-12-26,8.66,8.68,8.79,8.64,40402.0,星期四,-0.0092,0.0023
2024-12-25,8.76,8.74,8.82,8.52,64086.0,星期三,0.0,-0.0023
2024-12-24,8.8,8.76,8.81,8.6,49254.0,星期二,0.0115,-0.0045
2024-12-23,9.28,8.7,9.28,8.67,122970.0,星期一,0.0054,-0.0625
2024-12-20,9.15,9.23,9.43,9.15,58708.0,星期五,-0.0087,0.0087
2024-12-19,9.2,9.23,9.29,9.03,80860.0,星期四,-0.0108,0.0033
2024-12-18,9.42,9.3,9.58,9.23,88534.0,星期三,-0.0021,-0.0127
2024-12-17,9.94,9.44,9.95,9.4,130053.0,星期二,0.0,-0.0503
2024-12-16,9.6,9.94,10.22,9.54,219191.0,星期一,0.0,0.0354
2024-12-13,9.45,9.6,9.74,9.4,154484.0,星期五,-0.0074,0.0159
2024-12-12,9.69,9.52,9.69,9.34,147805.0,星期四,0.0052,-0.0175
2024-12-11,9.34,9.64,9.64,9.28,156831.0,星期三,0.0065,0.0321
2024-12-10,9.57,9.28,9.57,9.27,112571.0,星期二,0.0224,-0.0303
2024-12-09,9.29,9.36,9.38,9.18,81713.0,星期一,0.0,0.0075
2024-12-06,9.16,9.29,9.34,9.14,93078.0,星期五,0.0022,0.0142
2024-12-05,9.0,9.14,9.25,8.94,72242.0,星期四,-0.0011,0.0156
2024-12-04,9.21,9.01,9.32,8.95,101526.0,星期三,-0.0022,-0.0217
2024-12-03,9.16,9.23,9.49,9.0,169514.0,星期二,0.0088,0.0076
2024-12-02,8.97,9.08,9.28,8.9,145979.0,星期一,0.017,0.0123
2024-11-29,8.65,8.82,8.97,8.63,152934.0,星期五,0.0012,0.0197
2024-11-28,8.57,8.64,8.75,8.49,82982.0,星期四,-0.0012,0.0082
2024-11-27,8.55,8.58,8.58,8.22,76033.0,星期三,0.0012,0.0035
2024-11-26,8.62,8.54,8.78,8.52,78193.0,星期二,-0.0012,-0.0093
2024-11-25,8.42,8.63,8.78,8.39,165076.0,星期一,0.0036,0.0249
2024-11-22,8.57,8.39,8.65,8.37,93965.0,星期五,0.0012,-0.021
2024-11-21,8.5,8.56,8.62,8.45,74867.0,星期四,0.0012,0.0071
2024-11-20,8.36,8.49,8.58,8.29,68797.0,星期三,0.0024,0.0156
2024-11-19,8.25,8.34,8.34,8.18,69616.0,星期二,0.0012,0.0109
2024-11-18,8.4,8.24,8.42,8.2,89705.0,星期一,0.0108,-0.019
2024-11-15,8.44,8.31,8.61,8.3,91348.0,星期五,0.0036,-0.0154
2024-11-14,8.75,8.41,8.76,8.38,163693.0,星期四,0.0,-0.0389
2024-11-13,8.4,8.75,8.99,8.4,287194.0,星期三,0.006,0.0417
2024-11-12,8.56,8.35,8.57,8.29,101186.0,星期二,0.0012,-0.0245
2024-11-11,8.46,8.55,8.58,8.41,84572.0,星期一,0.0,0.0106
2024-11-08,8.8,8.46,8.8,8.4,128495.0,星期五,0.0244,-0.0386
2024-11-07,8.38,8.59,8.6,8.3,142558.0,星期四,0.0012,0.0251
2024-11-06,8.31,8.37,8.48,8.19,137509.0,星期三,0.0048,0.0072
2024-11-05,8.06,8.27,8.27,8.05,94324.0,星期二,-0.0049,0.0261
2024-11-04,8.03,8.1,8.1,7.98,62012.0,星期一,-0.0025,0.0087
2024-11-01,8.4,8.05,8.43,8.04,110268.0,星期五,0.0048,-0.0417
2024-10-31,8.17,8.36,8.45,8.13,154727.0,星期四,0.0049,0.0233
2024-10-30,7.97,8.13,8.18,7.96,74240.0,星期三,-0.005,0.0201
2024-10-29,8.21,8.01,8.23,8.0,86992.0,星期二,0.0024,-0.0244
2024-10-28,8.02,8.19,8.2,7.97,101519.0,星期一,0.0012,0.0212
2024-10-25,7.81,8.01,8.18,7.81,141558.0,星期五,0.0,0.0256
2024-10-24,7.78,7.81,7.84,7.75,50542.0,星期四,-0.0013,0.0039
2024-10-23,7.75,7.79,7.85,7.73,84102.0,星期三,0.0013,0.0052
2024-10-22,7.7,7.74,7.77,7.68,54945.0,星期二,-0.0013,0.0052
2024-10-21,7.86,7.71,7.87,7.69,91643.0,星期一,0.0103,-0.0191
2024-10-18,7.72,7.78,7.84,7.6,74790.0,星期五,0.0065,0.0078
2024-10-17,7.87,7.67,7.9,7.66,63628.0,星期四,0.0013,-0.0254
2024-10-16,7.74,7.86,7.88,7.72,61300.0,星期三,-0.0013,0.0155
2024-10-15,7.9,7.75,7.91,7.72,49149.0,星期二,-0.0013,-0.019
2024-10-14,7.82,7.91,7.96,7.77,61095.0,星期一,0.0064,0.0115
2024-10-11,8.04,7.77,8.1,7.7,95664.0,星期五,-0.0037,-0.0336
2024-10-10,8.02,8.07,8.29,7.85,98985.0,星期四,0.0075,0.0062
2024-10-09,8.69,7.96,8.69,7.94,158577.0,星期三,-0.0046,-0.084
2024-10-08,9.08,8.73,9.08,8.32,248217.0,星期二,0.0966,-0.0385
2024-09-30,7.95,8.28,8.31,7.81,199316.0,星期一,0.0325,0.0415
2024-09-27,7.7,7.7,7.72,7.53,73490.0,星期五,0.0294,0.0
2024-09-26,7.29,7.48,7.48,7.21,77889.0,星期四,0.0055,0.0261
2024-09-25,7.3,7.25,7.44,7.23,72969.0,星期三,0.0083,-0.0068
2024-09-24,7.08,7.24,7.25,7.08,57308.0,星期二,0.0,0.0226
2024-09-23,7.06,7.08,7.1,7.03,22809.0,星期一,0.0,0.0028
2024-09-20,7.08,7.06,7.08,6.98,32992.0,星期五,0.0085,-0.0028
2024-09-19,6.88,7.02,7.08,6.88,41321.0,星期四,-0.0029,0.0203
2024-09-18,6.91,6.9,6.92,6.76,30353.0,星期三,-0.0014,-0.0014
2024-09-13,6.79,6.92,6.93,6.78,34768.0,星期五,-0.0029,0.0191
2024-09-12,6.85,6.81,6.9,6.81,21727.0,星期四,0.0029,-0.0058
2024-09-11,6.77,6.83,7.0,6.73,36178.0,星期三,-0.0073,0.0089
2024-09-10,6.83,6.82,6.84,6.69,30626.0,星期二,0.0074,-0.0015
2024-09-09,6.75,6.78,6.83,6.72,21424.0,星期一,-0.0044,0.0044
2024-09-06,6.84,6.78,6.88,6.77,26969.0,星期五,0.0,-0.0088
2024-09-05,6.81,6.84,6.9,6.81,24574.0,星期四,0.0,0.0044
2024-09-04,6.89,6.81,6.93,6.81,29503.0,星期三,-0.0072,-0.0116
2024-09-03,6.93,6.94,6.98,6.89,32789.0,星期二,0.0,0.0014
2024-09-02,6.98,6.93,7.04,6.92,39604.0,星期一,-0.0057,-0.0072
2024-08-30,6.96,7.02,7.11,6.92,67861.0,星期五,0.0,0.0086
2024-08-29,6.85,6.96,6.97,6.8,69261.0,星期四,-0.0072,0.0161
2024-08-28,7.22,6.9,7.22,6.87,135079.0,星期三,-0.0163,-0.0443
2024-08-27,7.18,7.34,7.39,6.98,196426.0,星期二,0.0098,0.0223
2024-08-26,6.95,7.11,7.17,6.89,119183.0,星期一,0.0342,0.023
2024-08-23,6.7,6.72,6.76,6.64,29108.0,星期五,0.0,0.003
2024-08-22,6.78,6.7,6.86,6.69,27549.0,星期四,0.0015,-0.0118
2024-08-21,6.76,6.77,6.79,6.68,26242.0,星期三,0.0,0.0015
2024-08-20,6.87,6.76,6.89,6.73,32318.0,星期二,0.0,-0.016
2024-08-19,6.93,6.87,6.99,6.86,29275.0,星期一,0.0014,-0.0087
2024-08-16,7.08,6.92,7.09,6.92,38196.0,星期五,0.0,-0.0226
2024-08-15,7.18,7.08,7.2,6.9,82646.0,星期四,0.0257,-0.0139
2024-08-14,7.05,7.0,7.09,6.99,23290.0,星期三,0.0043,-0.0071
2024-08-13,6.97,7.02,7.06,6.93,25794.0,星期二,-0.0043,0.0072
2024-08-12,7.08,7.0,7.12,6.97,27739.0,星期一,0.0014,-0.0113
2024-08-09,7.08,7.07,7.17,7.02,41092.0,星期五,-0.0167,-0.0014
2024-08-08,7.14,7.2,7.25,7.09,36092.0,星期四,-0.0014,0.0084
2024-08-07,7.2,7.15,7.23,7.13,29482.0,星期三,0.0,-0.0069
2024-08-06,7.1,7.2,7.28,7.1,41367.0,星期二,0.0014,0.0141
2024-08-05,7.26,7.09,7.32,7.08,55152.0,星期一,0.0,-0.0234
2024-08-02,7.3,7.26,7.47,7.23,79865.0,星期五,-0.0027,-0.0055
2024-08-01,7.3,7.32,7.43,7.29,77144.0,星期四,-0.0054,0.0027
2024-07-31,7.76,7.34,7.84,7.2,144790.0,星期三,0.0501,-0.0541
2024-07-30,6.99,7.39,7.41,6.92,100950.0,星期二,0.0029,0.0572
2024-07-29,6.87,6.97,7.05,6.78,61385.0,星期一,0.0044,0.0146
2024-07-26,6.76,6.84,6.9,6.76,44944.0,星期五,0.0,0.0118
2024-07-25,6.62,6.76,6.77,6.62,52840.0,星期四,-0.006,0.0211
2024-07-24,6.66,6.66,6.73,6.57,43172.0,星期三,0.0015,0.0
2024-07-23,6.66,6.65,6.77,6.63,39556.0,星期二,-0.003,-0.0015
2024-07-22,6.68,6.68,6.76,6.6,40560.0,星期一,-0.0074,0.0
2024-07-19,6.72,6.73,6.93,6.7,74679.0,星期五,0.0136,0.0015
2024-07-18,6.55,6.63,6.69,6.44,60974.0,星期四,-0.0121,0.0122
2024-07-17,6.48,6.63,6.77,6.44,67630.0,星期三,0.0,0.0231
2024-07-16,6.46,6.48,6.5,6.42,13776.0,星期二,0.0,0.0031
2024-07-15,6.56,6.46,6.6,6.46,22728.0,星期一,0.0,-0.0152
2024-07-12,6.55,6.56,6.65,6.52,36687.0,星期五,0.0,0.0015
2024-07-11,6.41,6.55,6.58,6.4,36211.0,星期四,0.011,0.0218
2024-07-10,6.33,6.34,6.37,6.26,29554.0,星期三,-0.0016,0.0016
2024-07-09,6.19,6.34,6.35,6.15,51286.0,星期二,-0.0048,0.0242
2024-07-08,6.44,6.22,6.45,6.2,48683.0,星期一,-0.0016,-0.0342
2024-07-05,6.5,6.45,6.5,6.32,33022.0,星期五,0.0078,-0.0077
2024-07-04,6.7,6.45,6.73,6.44,53877.0,星期四,0.0015,-0.0373
2024-07-03,6.87,6.69,6.89,6.67,56230.0,星期三,-0.0015,-0.0262
2024-07-02,6.95,6.88,7.07,6.84,60358.0,星期二,0.0029,-0.0101
2024-07-01,6.89,6.93,6.94,6.81,28971.0,星期一,0.0088,0.0058
2024-06-28,6.83,6.83,6.94,6.82,29131.0,星期五,-0.0015,0.0
2024-06-27,6.99,6.84,7.01,6.81,23896.0,星期四,0.0058,-0.0215
2024-06-26,6.8,6.95,7.0,6.77,35541.0,星期三,-0.0029,0.0221
2024-06-25,6.9,6.82,7.0,6.78,36226.0,星期二,0.0,-0.0116
2024-06-24,7.23,6.9,7.24,6.89,50458.0,星期一,-0.0041,-0.0456
2024-06-21,7.18,7.26,7.37,7.15,39123.0,星期五,0.0,0.0111
2024-06-20,7.42,7.18,7.42,7.15,52549.0,星期四,-0.0013,-0.0323
2024-06-19,7.5,7.43,7.52,7.42,25105.0,星期三,0.0,-0.0093
2024-06-18,7.5,7.5,7.53,7.43,28685.0,星期二,0.0,0.0
2024-06-17,7.45,7.5,7.56,7.4,41432.0,星期一,0.0,0.0067
2024-06-14,7.39,7.45,7.48,7.32,38664.0,星期五,0.0,0.0081
2024-06-13,7.53,7.39,7.55,7.37,39776.0,星期四,0.004,-0.0186
2024-06-12,7.49,7.5,7.57,7.44,23547.0,星期三,0.0013,0.0013
2024-06-11,7.5,7.48,7.55,7.39,27745.0,星期二,0.0027,-0.0027
2024-06-07,7.42,7.48,7.55,7.37,44083.0,星期五,0.0041,0.0081
2024-06-06,7.71,7.39,7.77,7.35,71286.0,星期四,0.0,-0.0415
2024-06-05,7.82,7.71,7.89,7.7,24742.0,星期三,0.0,-0.0141
2024-06-04,7.86,7.82,7.88,7.76,27564.0,星期二,-0.0063,-0.0051
2024-06-03,8.01,7.91,8.05,7.83,30121.0,星期一,-0.0025,-0.0125
2024-05-31,7.97,8.03,8.04,7.92,26488.0,星期五,0.0,0.0075
2024-05-30,7.96,7.97,8.02,7.94,19753.0,星期四,-0.0025,0.0013
2024-05-29,7.95,7.98,8.07,7.92,28249.0,星期三,0.0013,0.0038
2024-05-28,8.08,7.94,8.12,7.94,28175.0,星期二,-0.0012,-0.0173
2024-05-27,8.1,8.09,8.15,7.97,38389.0,星期一,0.0025,-0.0012
2024-05-24,8.2,8.08,8.25,8.06,52281.0,星期五,0.0012,-0.0146
2024-05-23,8.31,8.19,8.33,8.18,42972.0,星期四,-0.0048,-0.0144
2024-05-22,8.3,8.35,8.45,8.29,52238.0,星期三,-0.0048,0.006
2024-05-21,8.41,8.34,8.48,8.32,46126.0,星期二,-0.0024,-0.0083
2024-05-20,8.67,8.43,8.73,8.42,96616.0,星期一,0.0188,-0.0277
2024-05-17,8.39,8.51,8.51,8.24,61985.0,星期五,0.0024,0.0143
2024-05-16,8.27,8.37,8.39,8.24,46898.0,星期四,0.0098,0.0121
2024-05-15,8.28,8.19,8.35,8.18,28692.0,星期三,-0.0036,-0.0109
2024-05-14,8.36,8.31,8.36,8.28,29623.0,星期二,0.0048,-0.006
2024-05-13,8.19,8.32,8.39,8.15,55778.0,星期一,-0.0073,0.0159
2024-05-10,8.23,8.25,8.26,8.16,40851.0,星期五,0.0024,0.0024
2024-05-09,8.16,8.21,8.23,8.12,38838.0,星期四,0.0012,0.0061
2024-05-08,8.16,8.15,8.18,8.07,35926.0,星期三,0.0025,-0.0012
2024-05-07,8.11,8.14,8.18,8.09,33196.0,星期二,-0.0012,0.0037
2024-05-06,8.1,8.12,8.19,8.07,50601.0,星期一,0.0062,0.0025
2024-04-30,8.08,8.05,8.1,7.98,45032.0,星期二,0.0037,-0.0037
2024-04-29,7.83,8.05,8.11,7.8,78705.0,星期一,0.009,0.0281
2024-04-26,7.67,7.76,7.79,7.6,42259.0,星期五,0.0,0.0117
2024-04-25,7.65,7.67,7.68,7.59,32527.0,星期四,0.0066,0.0026
2024-04-24,7.49,7.6,7.6,7.46,32485.0,星期三,0.004,0.0147
2024-04-23,7.5,7.46,7.54,7.44,25604.0,星期二,0.0027,-0.0053
2024-04-22,7.62,7.48,7.65,7.46,35641.0,星期一,0.0053,-0.0184
2024-04-19,7.59,7.58,7.65,7.49,30734.0,星期五,-0.0013,-0.0013
2024-04-18,7.67,7.6,7.74,7.6,38359.0,星期四,0.0,-0.0091
2024-04-17,7.38,7.67,7.72,7.35,71200.0,星期三,0.0082,0.0393
2024-04-16,7.72,7.32,7.72,7.32,62090.0,星期二,0.0105,-0.0518
2024-04-15,7.76,7.64,7.82,7.56,55065.0,星期一,-0.0039,-0.0155
2024-04-12,7.9,7.79,7.94,7.73,41668.0,星期五,0.0,-0.0139
2024-04-11,7.86,7.9,8.02,7.79,46967.0,星期四,-0.0025,0.0051
2024-04-10,8.04,7.88,8.04,7.8,55140.0,星期三,0.0,-0.0199
2024-04-09,8.01,8.04,8.07,7.93,33143.0,星期二,0.0,0.0037
2024-04-08,8.13,8.01,8.2,8.0,60624.0,星期一,0.0,-0.0148
2024-04-03,8.17,8.13,8.2,8.09,45305.0,星期三,-0.0012,-0.0049
2024-04-02,8.27,8.18,8.27,8.12,48821.0,星期二,-0.0012,-0.0109
2024-04-01,8.24,8.28,8.32,8.19,51171.0,星期一,0.011,0.0049
2024-03-29,8.07,8.15,8.15,8.06,30049.0,星期五,0.0025,0.0099
2024-03-28,8.01,8.05,8.2,8.01,35109.0,星期四,0.0,0.005
2024-03-27,8.35,8.01,8.35,7.99,120780.0,星期三,-0.0012,-0.0407
2024-03-26,8.35,8.36,8.47,8.25,43935.0,星期二,0.0,0.0012
2024-03-25,8.56,8.35,8.59,8.34,51795.0,星期一,0.0,-0.0245
2024-03-22,8.62,8.56,8.63,8.4,61662.0,星期五,-0.0023,-0.007
2024-03-21,8.67,8.64,8.72,8.55,54794.0,星期四,0.0035,-0.0035
2024-03-20,8.61,8.64,8.67,8.58,30080.0,星期三,-0.0012,0.0035
2024-03-19,8.65,8.62,8.73,8.61,37308.0,星期二,0.0023,-0.0035
2024-03-18,8.62,8.63,8.67,8.58,46789.0,星期一,0.0,0.0012
2024-03-15,8.44,8.62,8.63,8.41,53705.0,星期五,-0.0059,0.0213
2024-03-14,8.6,8.49,8.6,8.39,39896.0,星期四,0.0047,-0.0128
2024-03-13,8.63,8.56,8.65,8.5,35594.0,星期三,0.0012,-0.0081
2024-03-12,8.63,8.62,8.76,8.53,60721.0,星期二,0.0012,-0.0012
2024-03-11,8.4,8.62,8.64,8.36,62754.0,星期一,-0.0024,0.0262
2024-03-08,8.44,8.42,8.51,8.31,42800.0,星期五,-0.0024,-0.0024
2024-03-07,8.59,8.46,8.61,8.39,66376.0,星期四,0.0035,-0.0151
2024-03-06,8.65,8.56,8.75,8.49,73702.0,星期三,-0.0012,-0.0104
2024-03-05,8.76,8.66,8.8,8.66,45857.0,星期二,-0.0079,-0.0114
2024-03-04,8.89,8.83,9.0,8.73,43662.0,星期一,0.0023,-0.0067
2024-03-01,8.91,8.87,8.91,8.78,51952.0,星期五,0.0079,-0.0045
2024-02-29,8.54,8.84,8.85,8.48,72898.0,星期四,0.0071,0.0351
2024-02-28,9.0,8.48,9.15,8.48,104815.0,星期三,0.0,-0.0578
2024-02-27,8.87,9.0,9.01,8.87,74140.0,星期二,-0.0089,0.0147
2024-02-26,8.85,8.95,9.06,8.7,103186.0,星期一,-0.0134,0.0113
2024-02-23,8.87,8.97,9.02,8.74,104937.0,星期五,0.0057,0.0113
2024-02-22,8.85,8.82,8.95,8.73,89911.0,星期四,-0.0023,-0.0034
2024-02-21,8.59,8.87,9.0,8.52,117827.0,星期三,-0.0046,0.0326
2024-02-20,8.66,8.63,8.7,8.48,42785.0,星期二,0.0,-0.0035
2024-02-19,8.66,8.66,8.81,8.56,65715.0,星期一,0.0035,0.0
2024-02-08,8.11,8.63,8.7,8.0,91814.0,星期四,0.005,0.0641
2024-02-07,8.11,8.07,8.22,7.95,61601.0,星期三,0.0025,-0.0049
2024-02-06,7.8,8.09,8.28,7.46,95913.0,星期二,-0.0114,0.0372
2024-02-05,8.34,7.89,8.48,7.83,90043.0,星期一,-0.013,-0.054
2024-02-02,8.59,8.45,8.69,8.06,80178.0,星期五,-0.0115,-0.0163
2024-02-01,8.43,8.69,8.69,8.11,98519.0,星期四,-0.0035,0.0308
2024-01-31,8.93,8.46,9.05,8.45,109026.0,星期三,-0.0067,-0.0526
2024-01-30,9.2,8.99,9.23,8.92,104790.0,星期二,-0.0171,-0.0228
2024-01-29,9.58,9.36,9.87,9.34,144801.0,星期一,0.0,-0.023
2024-01-26,9.92,9.58,9.99,9.55,189572.0,星期五,0.0174,-0.0343
2024-01-25,9.4,9.75,9.84,9.38,211311.0,星期四,0.0,0.0372
2024-01-24,9.25,9.4,9.4,9.12,112082.0,星期三,0.0087,0.0162
2024-01-23,9.05,9.17,9.24,8.89,60726.0,星期二,-0.0033,0.0133
2024-01-22,9.45,9.08,9.56,8.79,102451.0,星期一,-0.0011,-0.0392
2024-01-19,9.3,9.46,9.57,9.24,145238.0,星期五,-0.0032,0.0172
2024-01-18,8.97,9.33,9.35,8.91,118511.0,星期四,-0.0088,0.0401
2024-01-17,9.26,9.05,9.31,9.0,93755.0,星期三,-0.0096,-0.0227
2024-01-16,9.06,9.35,9.38,8.98,85563.0,星期二,0.0,0.032
2024-01-15,8.99,9.06,9.25,8.94,54519.0,星期一,0.0011,0.0078
2024-01-12,9.1,8.98,9.26,8.89,70133.0,星期五,-0.0033,-0.0132
2024-01-11,9.0,9.13,9.17,8.96,35258.0,星期四,0.0,0.0144
2024-01-10,9.1,9.0,9.21,8.96,44768.0,星期三,-0.0044,-0.011
2024-01-09,9.01,9.14,9.23,9.0,38889.0,星期二,0.0,0.0144
2024-01-08,9.05,9.01,9.14,9.01,38435.0,星期一,-0.0055,-0.0044
2024-01-05,9.31,9.1,9.35,9.02,87627.0,星期五,0.0,-0.0226
2024-01-04,9.38,9.31,9.39,9.24,40160.0,星期四,0.0011,-0.0075
2024-01-03,9.35,9.37,9.49,9.32,69868.0,星期三,-0.0021,0.0021
2024-01-02,9.3,9.37,9.5,9.14,101271.0,星期二,0.0,0.0075
2023-12-29,9.36,9.3,9.53,9.29,99635.0,星期五,0.0,-0.0064
2023-12-28,9.41,9.36,9.5,8.97,131769.0,星期四,-0.0021,-0.0053
2023-12-27,9.28,9.43,9.58,9.28,82534.0,星期三,-0.0054,0.0162
2023-12-26,9.84,9.33,9.84,9.24,121391.0,星期二,0.0031,-0.0518
2023-12-25,9.85,9.81,9.92,9.64,63217.0,星期一,-0.003,-0.0041
2023-12-22,10.1,9.88,10.17,9.85,95212.0,星期五,0.008,-0.0218
2023-12-21,9.82,10.02,10.15,9.76,124441.0,星期四,0.0,0.0204
2023-12-20,10.17,9.82,10.2,9.78,125393.0,星期三,-0.001,-0.0344
2023-12-19,10.2,10.18,10.32,10.04,119525.0,星期二,-0.0039,-0.002
2023-12-18,10.42,10.24,10.64,10.16,201058.0,星期一,0.0019,-0.0173
2023-12-15,10.28,10.4,10.55,10.18,208432.0,星期五,0.0039,0.0117
2023-12-14,10.25,10.24,10.4,10.16,128261.0,星期四,-0.0077,-0.001
2023-12-13,10.54,10.33,10.65,10.29,203085.0,星期三,-0.0009,-0.0199
2023-12-12,10.21,10.55,11.01,10.21,443302.0,星期二,0.0,0.0333
2023-12-11,9.26,10.21,10.21,9.23,264768.0,星期一,-0.0022,0.1026
2023-12-08,9.35,9.28,9.38,9.26,32324.0,星期五,0.0,-0.0075
2023-12-07,9.45,9.35,9.47,9.32,30691.0,星期四,0.0,-0.0106
2023-12-06,9.2,9.45,9.48,9.2,66215.0,星期三,-0.0065,0.0272
2023-12-05,9.49,9.26,9.49,9.25,52097.0,星期二,0.0,-0.0242
2023-12-04,9.76,9.49,9.78,9.34,101471.0,星期一,-0.002,-0.0277
2023-12-01,9.56,9.78,9.8,9.55,49697.0,星期五,0.0,0.023
2023-11-30,9.61,9.56,9.69,9.48,37496.0,星期四,0.0,-0.0052
2023-11-29,9.79,9.61,9.82,9.61,36346.0,星期三,0.0124,-0.0184
2023-11-28,9.86,9.67,9.86,9.62,33949.0,星期二,0.0072,-0.0193
2023-11-27,9.78,9.79,9.96,9.53,69951.0,星期一,0.002,0.001
2023-11-24,9.89,9.76,9.96,9.75,41649.0,星期五,0.001,-0.0131
2023-11-23,9.67,9.88,9.89,9.62,57042.0,星期四,0.0,0.0217
2023-11-22,9.83,9.67,9.87,9.65,44764.0,星期三,-0.002,-0.0163
2023-11-21,9.85,9.85,10.1,9.79,83343.0,星期二,-0.004,0.0
2023-11-20,9.84,9.89,9.99,9.76,75205.0,星期一,0.002,0.0051
2023-11-17,9.58,9.82,9.85,9.52,70140.0,星期五,0.0,0.0251
2023-11-16,9.63,9.58,9.67,9.56,40095.0,星期四,-0.0031,-0.0052
2023-11-15,9.71,9.66,9.8,9.64,63726.0,星期三,0.0,-0.0051
2023-11-14,9.69,9.71,9.71,9.6,52550.0,星期二,0.0,0.0021
2023-11-13,9.78,9.69,9.78,9.62,49604.0,星期一,0.0072,-0.0092
2023-11-10,9.87,9.71,9.87,9.71,58851.0,星期五,-0.002,-0.0162
2023-11-09,9.64,9.89,10.01,9.6,144926.0,星期四,0.0,0.0259
2023-11-08,9.68,9.64,9.72,9.56,55866.0,星期三,-0.0041,-0.0041
2023-11-07,9.7,9.72,9.74,9.56,61473.0,星期二,0.001,0.0021
2023-11-06,9.82,9.69,9.83,9.65,88396.0,星期一,0.0092,-0.0132
2023-11-03,9.81,9.73,9.95,9.67,101836.0,星期五,0.0,-0.0082
2023-11-02,9.89,9.81,10.02,9.79,126280.0,星期四,-0.005,-0.0081
2023-11-01,9.97,9.94,10.05,9.75,156390.0,星期三,0.002,-0.003
2023-10-31,9.7,9.95,10.1,9.57,326095.0,星期二,0.0104,0.0258
2023-10-30,8.73,9.6,9.6,8.73,217058.0,星期一,0.0,0.0997
2023-10-27,8.69,8.73,8.78,8.64,40567.0,星期五,-0.0203,0.0046
2023-10-26,8.89,8.87,8.89,8.59,73314.0,星期四,-0.0022,-0.0022
2023-10-25,8.47,8.91,8.95,8.39,107904.0,星期三,0.0119,0.0519
2023-10-24,8.04,8.37,8.38,8.0,90025.0,星期二,0.0113,0.041
2023-10-23,8.4,7.95,8.53,7.87,135962.0,星期一,-0.0083,-0.0536
2023-10-20,9.16,8.47,9.24,8.45,166119.0,星期五,-0.0022,-0.0753
2023-10-19,9.41,9.18,9.49,9.17,39548.0,星期四,-0.0032,-0.0244
2023-10-18,9.45,9.44,9.49,9.31,37328.0,星期三,-0.0011,-0.0011
2023-10-17,9.46,9.46,9.56,9.36,38105.0,星期二,-0.0032,0.0
2023-10-16,9.16,9.49,9.62,9.16,101351.0,星期一,-0.0043,0.036
2023-10-13,9.43,9.2,9.45,8.82,129375.0,星期五,-0.0074,-0.0244
2023-10-12,9.51,9.5,9.6,9.46,46235.0,星期四,0.0011,-0.0011
2023-10-11,9.67,9.5,9.78,9.49,78510.0,星期三,0.0031,-0.0176
2023-10-10,9.65,9.64,9.72,9.5,41519.0,星期二,0.0052,-0.001
2023-10-09,9.86,9.6,9.86,9.6,58906.0,星期一,0.0031,-0.0264
2023-09-28,9.79,9.83,9.98,9.77,82875.0,星期四,0.002,0.0041
2023-09-27,9.77,9.77,9.88,9.64,76741.0,星期三,0.0093,0.0
2023-09-26,9.74,9.68,9.74,9.62,32779.0,星期二,0.0021,-0.0062
2023-09-25,9.78,9.72,9.94,9.64,95474.0,星期一,-0.002,-0.0061
2023-09-22,9.18,9.8,9.84,9.18,128507.0,星期五,-0.0033,0.0675
2023-09-21,9.4,9.21,9.45,9.18,66695.0,星期四,-0.0011,-0.0202
2023-09-20,9.43,9.41,9.54,9.23,52490.0,星期三,0.0096,-0.0021
2023-09-19,9.5,9.34,9.5,9.31,44841.0,星期二,0.0,-0.0168
2023-09-18,9.37,9.5,9.52,9.31,54762.0,星期一,0.0,0.0139
2023-09-15,9.43,9.37,9.47,9.35,34339.0,星期五,0.0021,-0.0064
2023-09-14,9.56,9.41,9.59,9.34,57196.0,星期四,0.001,-0.0157
2023-09-13,9.52,9.55,9.76,9.44,82989.0,星期三,0.0011,0.0032
2023-09-12,9.44,9.51,9.58,9.35,56251.0,星期二,0.0011,0.0074
2023-09-11,9.45,9.43,9.65,9.39,104347.0,星期一,-0.0021,-0.0021
2023-09-08,9.84,9.47,9.91,9.41,116577.0,星期五,-0.0101,-0.0376
2023-09-07,10.14,9.94,10.21,9.9,95717.0,星期四,0.0,-0.0197
2023-09-06,9.93,10.14,10.23,9.87,198168.0,星期三,-0.001,0.0211
2023-09-05,9.82,9.94,10.02,9.68,159034.0,星期二,-0.003,0.0122
2023-09-04,9.4,9.85,10.0,9.38,194449.0,星期一,0.0,0.0479
2023-09-01,9.15,9.4,9.41,9.15,68120.0,星期五,-0.0011,0.0273
2023-08-31,9.32,9.16,9.39,8.97,86443.0,星期四,-0.0021,-0.0172
2023-08-30,9.52,9.34,9.55,9.31,77873.0,星期三,-0.001,-0.0189
2023-08-29,9.27,9.53,9.54,9.24,70896.0,星期二,-0.0032,0.028
2023-08-28,9.53,9.3,9.68,9.26,129540.0,星期一,0.0381,-0.0241
2023-08-25,9.17,9.18,9.39,9.1,57428.0,星期五,-0.0086,0.0011
2023-08-24,9.46,9.25,9.52,9.22,73083.0,星期四,0.0053,-0.0222
2023-08-23,9.5,9.41,9.54,9.35,39461.0,星期三,0.0011,-0.0095
2023-08-22,9.45,9.49,9.58,9.33,46417.0,星期二,0.0,0.0042
2023-08-21,9.53,9.45,9.62,9.44,38123.0,星期一,0.0085,-0.0084
2023-08-18,9.59,9.45,9.71,9.45,40214.0,星期五,0.001,-0.0146
2023-08-17,9.48,9.58,9.63,9.42,61630.0,星期四,-0.0042,0.0105
2023-08-16,9.55,9.52,9.62,9.5,23129.0,星期三,0.0,-0.0031
2023-08-15,9.75,9.55,9.75,9.46,41965.0,星期二,0.0041,-0.0205
2023-08-14,9.5,9.71,9.72,9.45,54264.0,星期一,-0.0042,0.0221
2023-08-11,9.8,9.54,9.86,9.48,81263.0,星期五,0.0,-0.0265
2023-08-10,9.55,9.8,10.1,9.52,162771.0,星期四,0.0,0.0262
2023-08-09,9.54,9.55,9.61,9.41,46189.0,星期三,0.001,0.001
2023-08-08,9.65,9.53,9.7,9.52,42811.0,星期二,0.0031,-0.0124
2023-08-07,9.88,9.62,9.89,9.61,70419.0,星期一,-0.002,-0.0263
2023-08-04,9.99,9.9,10.07,9.9,62002.0,星期五,0.002,-0.009
2023-08-03,10.08,9.97,10.08,9.92,52415.0,星期四,0.007,-0.0109
2023-08-02,9.99,10.01,10.19,9.93,98782.0,星期三,-0.002,0.002
2023-08-01,9.92,10.01,10.04,9.79,95338.0,星期二,-0.009,0.0091
2023-07-31,9.79,10.01,10.09,9.78,143310.0,星期一,-0.0031,0.0225
2023-07-28,9.85,9.82,9.95,9.55,112045.0,星期五,0.0061,-0.003
2023-07-27,9.77,9.79,9.88,9.7,66843.0,星期四,-0.0051,0.002
2023-07-26,9.83,9.82,9.92,9.78,62591.0,星期三,0.0,-0.001
2023-07-25,9.72,9.83,9.92,9.72,72027.0,星期二,0.001,0.0113
2023-07-24,9.54,9.71,9.79,9.51,62780.0,星期一,0.0,0.0178
2023-07-21,9.58,9.54,9.63,9.5,44845.0,星期五,0.001,-0.0042
2023-07-20,9.82,9.57,9.83,9.55,78165.0,星期四,0.0061,-0.0255
2023-07-19,9.78,9.76,9.86,9.74,47695.0,星期三,0.002,-0.002
2023-07-18,9.74,9.76,9.85,9.65,58732.0,星期二,0.001,0.0021
2023-07-17,9.59,9.73,9.74,9.5,82199.0,星期一,-0.0031,0.0146
2023-07-14,9.8,9.62,9.9,9.54,148756.0,星期五,-0.0051,-0.0184
2023-07-13,9.77,9.85,9.93,9.71,75346.0,星期四,-0.0031,0.0082
2023-07-12,9.92,9.8,10.02,9.73,142734.0,星期三,-0.009,-0.0121
2023-07-11,9.78,10.01,10.05,9.63,155505.0,星期二,-0.0041,0.0235
2023-07-10,9.54,9.82,9.85,9.46,145083.0,星期一,-0.0063,0.0294
2023-07-07,9.7,9.6,9.94,9.36,280135.0,星期五,-0.0061,-0.0103
2023-07-06,10.24,9.76,10.57,9.58,379869.0,星期四,-0.0125,-0.0469
2023-07-05,11.34,10.37,11.62,10.17,508715.0,星期三,0.0519,-0.0855
2023-07-04,10.73,10.78,10.96,10.73,84594.0,星期二,-0.0028,0.0047
2023-07-03,11.31,10.76,11.32,10.53,170787.0,星期一,0.0098,-0.0486
2023-06-30,11.65,11.2,11.79,11.0,218789.0,星期五,-0.006,-0.0386
2023-06-29,11.54,11.72,12.1,11.49,186758.0,星期四,0.0017,0.0156
2023-06-28,11.47,11.52,11.59,11.23,91197.0,星期三,-0.0017,0.0044
2023-06-27,11.05,11.49,11.55,10.97,150376.0,星期二,0.0009,0.0398
2023-06-26,11.23,11.04,11.37,10.73,155525.0,星期一,0.0018,-0.0169
2023-06-21,11.27,11.21,11.57,11.14,153605.0,星期三,-0.0009,-0.0053
2023-06-20,11.24,11.28,11.7,11.15,147334.0,星期二,0.0072,0.0036
2023-06-19,11.0,11.16,11.22,10.95,84620.0,星期一,-0.0027,0.0145
2023-06-16,10.97,11.03,11.06,10.83,104598.0,星期五,0.0046,0.0055
2023-06-15,10.96,10.92,10.99,10.86,51791.0,星期四,0.0064,-0.0036
2023-06-14,10.96,10.89,11.11,10.77,103527.0,星期三,0.0027,-0.0064
2023-06-13,11.1,10.93,11.11,10.87,91973.0,星期二,0.0009,-0.0153
2023-06-12,10.84,11.09,11.15,10.74,153750.0,星期一,-0.0119,0.0231
2023-06-09,10.92,10.97,11.03,10.82,84283.0,星期五,-0.0009,0.0046
2023-06-08,10.88,10.93,11.19,10.62,193334.0,星期四,0.0037,0.0046
2023-06-07,10.46,10.84,10.87,10.44,101410.0,星期三,0.0058,0.0363
2023-06-06,10.59,10.4,10.71,10.39,53147.0,星期二,0.0,-0.0179
2023-06-05,10.6,10.59,10.99,10.56,67053.0,星期一,-0.0047,-0.0009
2023-06-02,10.45,10.65,10.74,10.4,90713.0,星期五,-0.0038,0.0191
2023-06-01,10.34,10.49,10.88,10.29,145550.0,星期四,-0.0039,0.0145
2023-05-31,10.36,10.38,10.52,10.32,66544.0,星期三,-0.0077,0.0019
2023-05-30,10.37,10.44,10.63,10.33,87264.0,星期二,-0.0048,0.0068
2023-05-29,10.8,10.42,10.88,10.3,160385.0,星期一,0.0,-0.0352
2023-05-26,10.85,10.8,11.1,10.65,138918.0,星期五,0.0,-0.0046
2023-05-25,10.72,10.85,11.04,10.66,106663.0,星期四,-0.0037,0.0121
2023-05-24,10.8,10.76,10.98,10.49,155093.0,星期三,0.0065,-0.0037
2023-05-23,11.33,10.73,11.53,10.65,274878.0,星期二,-0.0087,-0.053
2023-05-22,11.5,11.43,12.23,11.35,323798.0,星期一,0.0132,-0.0061
2023-05-19,11.34,11.35,11.49,11.07,135126.0,星期五,0.0,0.0009
2023-05-18,11.31,11.34,11.4,11.12,128625.0,星期四,0.0009,0.0027
2023-05-17,10.62,11.3,11.35,10.46,193618.0,星期三,-0.0056,0.064
2023-05-16,10.94,10.68,10.94,10.5,127196.0,星期二,0.0,-0.0238
2023-05-15,11.02,10.94,11.06,10.23,206768.0,星期一,0.0064,-0.0073
2023-05-12,10.7,10.95,11.06,10.61,224290.0,星期五,0.0028,0.0234
2023-05-11,10.49,10.67,10.81,10.43,201509.0,星期四,0.0087,0.0172
2023-05-10,10.53,10.4,10.57,10.3,114630.0,星期三,-0.0019,-0.0123
2023-05-09,10.54,10.55,10.61,10.39,125130.0,星期二,0.0048,0.0009
2023-05-08,10.6,10.49,10.61,10.25,110598.0,星期一,0.0115,-0.0104
2023-05-05,10.37,10.48,10.7,10.27,154958.0,星期五,-0.0077,0.0106
2023-05-04,10.2,10.45,10.5,10.11,116870.0,星期四,-0.0126,0.0245
2023-04-28,10.23,10.33,10.36,9.91,194626.0,星期五,0.001,0.0098
2023-04-27,10.05,10.22,10.37,10.04,165354.0,星期四,0.001,0.0169
2023-04-26,9.88,10.04,10.15,9.79,97660.0,星期三,0.0041,0.0162
2023-04-25,10.01,9.84,10.09,9.69,103969.0,星期二,0.001,-0.017
2023-04-24,9.92,10.0,10.22,9.91,118460.0,星期一,-0.003,0.0081
2023-04-21,10.53,9.95,10.53,9.85,205504.0,星期五,0.0096,-0.0551
2023-04-20,10.18,10.43,10.54,10.17,266409.0,星期四,0.003,0.0246
2023-04-19,9.5,10.15,10.3,9.47,252982.0,星期三,0.0,0.0684
2023-04-18,9.28,9.5,9.53,9.28,119281.0,星期二,-0.0022,0.0237
2023-04-17,9.17,9.3,9.37,9.11,92350.0,星期一,0.0033,0.0142
2023-04-14,9.09,9.14,9.16,9.06,65340.0,星期五,-0.0022,0.0055
2023-04-13,9.05,9.11,9.13,9.01,48026.0,星期四,0.0,0.0066
2023-04-12,9.04,9.05,9.16,9.02,56378.0,星期三,0.0011,0.0011
2023-04-11,8.94,9.03,9.11,8.78,69195.0,星期二,0.0022,0.0101
2023-04-10,9.06,8.92,9.12,8.9,83705.0,星期一,-0.0033,-0.0155
2023-04-07,9.08,9.09,9.25,9.03,99141.0,星期五,0.0078,0.0011
2023-04-06,9.05,9.01,9.07,8.92,44959.0,星期四,-0.0022,-0.0044
2023-04-04,8.87,9.07,9.18,8.84,91228.0,星期二,-0.0022,0.0225
2023-04-03,8.75,8.89,8.91,8.71,42108.0,星期一,0.0,0.016
2023-03-31,8.85,8.75,8.86,8.71,40884.0,星期五,0.0023,-0.0113
2023-03-30,8.86,8.83,8.94,8.81,30767.0,星期四,-0.0011,-0.0034
2023-03-29,8.89,8.87,8.97,8.84,34605.0,星期三,0.0,-0.0022
2023-03-28,9.07,8.89,9.18,8.88,76789.0,星期二,0.0022,-0.0198
2023-03-27,8.96,9.05,9.19,8.85,71028.0,星期一,0.0067,0.01
2023-03-24,8.96,8.9,9.0,8.88,35036.0,星期五,-0.0033,-0.0067
2023-03-23,9.03,8.99,9.03,8.94,27626.0,星期四,-0.0011,-0.0044
2023-03-22,8.92,9.04,9.13,8.92,46553.0,星期三,0.0034,0.0135
2023-03-21,8.87,8.89,9.01,8.8,52163.0,星期二,-0.0034,0.0023
2023-03-20,9.0,8.9,9.06,8.9,50894.0,星期一,0.0078,-0.0111
2023-03-17,8.95,8.93,9.15,8.93,54693.0,星期五,0.0056,-0.0022
2023-03-16,9.0,8.9,9.08,8.9,32081.0,星期四,-0.0033,-0.0111
2023-03-15,8.97,9.03,9.06,8.87,50245.0,星期三,0.0045,0.0067
2023-03-14,9.11,8.93,9.15,8.83,40202.0,星期二,0.0022,-0.0198
2023-03-13,9.0,9.09,9.21,8.86,54893.0,星期一,0.0056,0.01
2023-03-10,9.07,8.95,9.1,8.91,46731.0,星期五,-0.0055,-0.0132
2023-03-09,9.21,9.12,9.22,9.04,36800.0,星期四,0.0099,-0.0098
2023-03-08,9.08,9.12,9.16,9.07,31412.0,星期三,0.0,0.0044
2023-03-07,9.28,9.08,9.29,9.06,56673.0,星期二,-0.0011,-0.0216
2023-03-06,9.42,9.29,9.42,9.27,58270.0,星期一,0.0075,-0.0138
2023-03-03,9.3,9.35,9.42,9.29,37101.0,星期五,0.0022,0.0054
2023-03-02,9.45,9.28,9.47,9.28,45779.0,星期四,0.0043,-0.018
2023-03-01,9.49,9.41,9.53,9.39,44234.0,星期三,0.0,-0.0084
2023-02-28,9.4,9.49,9.49,9.23,88841.0,星期二,-0.0053,0.0096
2023-02-27,9.47,9.45,9.51,9.4,52906.0,星期一,0.0085,-0.0021
2023-02-24,9.54,9.39,9.54,9.3,70879.0,星期五,0.0063,-0.0157
2023-02-23,9.45,9.48,9.55,9.37,59568.0,星期四,0.0053,0.0032
2023-02-22,9.45,9.4,9.49,9.35,60566.0,星期三,-0.0021,-0.0053
2023-02-21,9.55,9.47,9.58,9.39,84891.0,星期二,0.0032,-0.0084
2023-02-20,9.3,9.52,9.54,9.3,66834.0,星期一,0.0,0.0237
2023-02-17,9.29,9.3,9.58,9.27,55900.0,星期五,0.0,0.0011
2023-02-16,9.38,9.29,9.64,9.23,95532.0,星期四,0.0,-0.0096
2023-02-15,9.3,9.38,9.38,9.23,40575.0,星期三,0.0011,0.0086
2023-02-14,9.3,9.29,9.32,9.22,39574.0,星期二,0.0032,-0.0011
2023-02-13,9.07,9.27,9.3,9.07,51824.0,星期一,-0.0011,0.0221
2023-02-10,9.09,9.08,9.11,9.03,33530.0,星期五,0.0022,-0.0011
2023-02-09,9.05,9.07,9.12,9.01,45050.0,星期四,-0.0022,0.0022
2023-02-08,8.92,9.07,9.12,8.91,61413.0,星期三,0.0011,0.0168
2023-02-07,8.93,8.91,8.94,8.84,27880.0,星期二,0.0034,-0.0022
2023-02-06,8.88,8.9,8.94,8.82,28009.0,星期一,0.0034,0.0023
2023-02-03,8.9,8.85,8.95,8.81,41345.0,星期五,-0.0022,-0.0056
2023-02-02,8.95,8.92,8.99,8.88,44147.0,星期四,-0.0022,-0.0034
2023-02-01,8.87,8.97,8.98,8.79,52414.0,星期三,0.0,0.0113
2023-01-31,8.68,8.87,8.88,8.63,75896.0,星期二,0.0012,0.0219
2023-01-30,8.79,8.67,8.79,8.65,58140.0,星期一,0.0069,-0.0137
2023-01-20,8.73,8.73,8.74,8.67,33915.0,星期五,0.0046,0.0
2023-01-19,8.6,8.69,8.75,8.6,32596.0,星期四,-0.0104,0.0105
2023-01-18,8.55,8.69,8.7,8.51,40687.0,星期三,0.0012,0.0164
2023-01-17,8.66,8.54,8.66,8.53,36886.0,星期二,0.0046,-0.0139
2023-01-16,8.62,8.62,8.69,8.59,50517.0,星期一,0.0023,0.0
2023-01-13,8.7,8.6,8.71,8.57,41889.0,星期五,0.0069,-0.0115
2023-01-12,8.63,8.64,8.83,8.6,73654.0,星期四,-0.0012,0.0012
2023-01-11,9.0,8.64,9.05,8.57,143148.0,星期三,0.0,-0.04
2023-01-10,9.28,9.0,9.33,8.96,123369.0,星期二,-0.0022,-0.0302
2023-01-09,9.3,9.3,9.36,9.18,125119.0,星期一,0.0011,0.0
2023-01-06,9.23,9.29,9.47,9.23,82688.0,星期五,-0.0032,0.0065
2023-01-05,9.2,9.26,9.38,9.12,111865.0,星期四,-0.0022,0.0065
2023-01-04,9.03,9.22,9.22,9.02,73585.0,星期三,-0.0044,0.021
2023-01-03,8.99,9.07,9.15,8.96,82101.0,星期二,0.0,0.0089
2022-12-30,9.08,8.99,9.1,8.87,67483.0,星期五,0.01,-0.0099
2022-12-29,9.06,8.99,9.1,8.97,57477.0,星期四,0.0044,-0.0077
2022-12-28,9.06,9.02,9.19,8.96,77557.0,星期三,-0.0033,-0.0044
2022-12-27,9.03,9.09,9.13,9.0,46341.0,星期二,-0.0022,0.0066
2022-12-26,9.1,9.05,9.15,9.01,53507.0,星期一,-0.0011,-0.0055
2022-12-23,9.23,9.11,9.25,8.95,69370.0,星期五,0.0132,-0.013
2022-12-22,9.36,9.11,9.4,9.06,73618.0,星期四,0.0097,-0.0267
2022-12-21,9.61,9.27,9.69,9.18,174968.0,星期三,-0.0031,-0.0354
2022-12-20,9.65,9.64,9.73,9.52,72431.0,星期二,-0.0103,-0.001
2022-12-19,9.7,9.75,9.79,9.59,98188.0,星期一,-0.0031,0.0052
2022-12-16,9.69,9.73,9.79,9.46,146310.0,星期五,0.0041,0.0041
2022-12-15,9.6,9.65,9.77,9.26,201647.0,星期四,-0.001,0.0052
2022-12-14,9.44,9.61,9.62,9.34,174325.0,星期三,0.0043,0.018
2022-12-13,9.38,9.4,9.53,9.3,154919.0,星期二,-0.0011,0.0021
2022-12-12,9.3,9.39,9.44,9.0,210050.0,星期一,-0.0043,0.0097
2022-12-09,9.21,9.34,9.37,9.02,217679.0,星期五,0.0077,0.0141
2022-12-08,8.81,9.14,9.28,8.77,299329.0,星期四,-0.0056,0.0375
2022-12-07,8.71,8.86,8.91,8.68,109576.0,星期三,0.0,0.0172
2022-12-06,8.65,8.71,8.8,8.58,95802.0,星期二,-0.0035,0.0069
2022-12-05,8.66,8.68,8.78,8.65,53913.0,星期一,0.0012,0.0023
2022-12-02,8.66,8.65,8.74,8.56,67956.0,星期五,-0.0023,-0.0012
2022-12-01,8.59,8.68,8.71,8.41,129407.0,星期四,0.0047,0.0105
2022-11-30,8.65,8.55,8.73,8.53,79780.0,星期三,-0.0035,-0.0116
2022-11-29,8.46,8.68,8.77,8.45,167216.0,星期二,0.0095,0.026
2022-11-28,8.36,8.38,8.42,8.28,43522.0,星期一,-0.0071,0.0024
2022-11-25,8.36,8.42,8.48,8.34,72316.0,星期五,0.0024,0.0072
2022-11-24,8.4,8.34,8.45,8.28,52406.0,星期四,0.0072,-0.0071
2022-11-23,8.32,8.34,8.43,8.3,41933.0,星期三,-0.0083,0.0024
2022-11-22,8.37,8.39,8.48,8.32,58368.0,星期二,0.0036,0.0024
2022-11-21,8.36,8.34,8.39,8.29,50914.0,星期一,-0.0024,-0.0024
2022-11-18,8.5,8.38,8.52,8.37,37478.0,星期五,0.0,-0.0141
2022-11-17,8.4,8.5,8.53,8.4,45333.0,星期四,-0.0036,0.0119
2022-11-16,8.45,8.43,8.53,8.39,65149.0,星期三,-0.0035,-0.0024
2022-11-15,8.58,8.48,8.65,8.43,107934.0,星期二,-0.0046,-0.0117
2022-11-14,8.78,8.62,8.79,8.57,66437.0,星期一,0.0127,-0.0182
2022-11-11,8.68,8.67,8.79,8.61,84281.0,星期五,0.0117,-0.0012
2022-11-10,8.63,8.58,8.74,8.56,82393.0,星期四,-0.008,-0.0058
2022-11-09,8.79,8.7,8.88,8.6,88201.0,星期三,0.0,-0.0102
2022-11-08,8.65,8.79,8.88,8.55,107483.0,星期二,0.0,0.0162
2022-11-07,8.61,8.65,8.88,8.52,197823.0,星期一,0.0012,0.0046
2022-11-04,8.68,8.6,8.92,8.56,199802.0,星期五,-0.0034,-0.0092
2022-11-03,8.67,8.71,8.86,8.57,65277.0,星期四,-0.0046,0.0046
2022-11-02,8.6,8.71,8.73,8.51,66712.0,星期三,0.0,0.0128
2022-11-01,8.52,8.6,8.64,8.49,60598.0,星期二,-0.0081,0.0094
2022-10-31,8.23,8.59,8.87,8.16,140169.0,星期一,-0.0012,0.0437
2022-10-28,8.29,8.24,8.48,8.15,63296.0,星期五,0.0,-0.006
2022-10-27,8.33,8.29,8.33,8.19,29016.0,星期四,0.0048,-0.0048
2022-10-26,8.26,8.29,8.37,8.16,47938.0,星期三,-0.0024,0.0036
2022-10-25,8.46,8.28,8.5,8.17,54765.0,星期二,0.0012,-0.0213
2022-10-24,8.72,8.45,8.77,8.44,100165.0,星期一,0.0011,-0.031
2022-10-21,8.38,8.71,8.81,8.32,174452.0,星期五,-0.0071,0.0394
2022-10-20,8.3,8.44,8.57,8.3,48379.0,星期四,-0.0084,0.0169
2022-10-19,8.34,8.37,8.44,8.31,25578.0,星期三,-0.0048,0.0036
2022-10-18,8.43,8.38,8.49,8.36,31766.0,星期二,0.0,-0.0059
2022-10-17,8.4,8.43,8.51,8.34,49862.0,星期一,0.0,0.0036
2022-10-14,8.42,8.4,8.51,8.38,50177.0,星期五,-0.0036,-0.0024
2022-10-13,8.39,8.45,8.48,8.34,47759.0,星期四,-0.0036,0.0072
2022-10-12,8.25,8.42,8.47,8.16,79893.0,星期三,0.0,0.0206
2022-10-11,8.2,8.25,8.3,8.08,50297.0,星期二,-0.0073,0.0061
2022-10-10,7.88,8.26,8.32,7.84,136579.0,星期一,0.0,0.0482
2022-09-30,7.83,7.88,7.91,7.78,26854.0,星期五,0.0,0.0064
2022-09-29,7.86,7.83,7.98,7.77,41932.0,星期四,-0.0013,-0.0038
2022-09-28,7.97,7.87,7.98,7.78,35630.0,星期三,0.0013,-0.0125
2022-09-27,7.93,7.96,8.08,7.88,26060.0,星期二,0.0,0.0038
2022-09-26,8.22,7.93,8.25,7.9,56641.0,星期一,-0.0072,-0.0353
2022-09-23,8.29,8.28,8.33,8.16,35360.0,星期五,0.0048,-0.0012
2022-09-22,8.28,8.25,8.37,8.2,44633.0,星期四,-0.0012,-0.0036
2022-09-21,8.17,8.29,8.38,8.12,48242.0,星期三,-0.0024,0.0147
2022-09-20,8.28,8.19,8.36,8.14,36681.0,星期二,0.0073,-0.0109
2022-09-19,8.18,8.22,8.25,8.08,37946.0,星期一,0.0,0.0049
2022-09-16,8.32,8.18,8.38,8.18,49526.0,星期五,-0.0072,-0.0168
2022-09-15,8.4,8.38,8.43,8.23,52597.0,星期四,0.0048,-0.0024
2022-09-14,8.34,8.36,8.44,8.26,44990.0,星期三,-0.0071,0.0024
2022-09-13,8.34,8.4,8.41,8.25,50932.0,星期二,0.0,0.0072
2022-09-09,8.26,8.34,8.38,8.23,48312.0,星期五,-0.0048,0.0097
2022-09-08,8.2,8.3,8.3,8.14,55380.0,星期四,0.0037,0.0122
2022-09-07,8.16,8.17,8.2,8.1,29756.0,星期三,0.0,0.0012
2022-09-06,8.22,8.16,8.27,8.15,36201.0,星期二,0.0049,-0.0073
2022-09-05,8.02,8.18,8.21,8.01,55913.0,星期一,-0.0025,0.02
2022-09-02,8.03,8.04,8.11,8.01,35955.0,星期五,-0.0037,0.0012
2022-09-01,7.99,8.06,8.07,7.95,46908.0,星期四,0.0025,0.0088
2022-08-31,7.9,7.97,8.0,7.89,44457.0,星期三,-0.0038,0.0089
2022-08-30,7.98,7.93,8.05,7.86,44455.0,星期二,-0.0087,-0.0063
2022-08-29,7.83,8.05,8.15,7.74,71691.0,星期一,-0.0076,0.0281
2022-08-26,7.87,7.89,7.93,7.74,42690.0,星期五,-0.0344,0.0025
2022-08-25,8.18,8.15,8.2,8.01,65532.0,星期四,-0.0012,-0.0037
2022-08-24,8.09,8.19,8.23,8.06,100658.0,星期三,0.0025,0.0124
2022-08-23,8.12,8.07,8.14,8.02,39492.0,星期二,0.0062,-0.0062
2022-08-22,7.98,8.07,8.25,7.9,74715.0,星期一,0.0076,0.0113
2022-08-19,7.99,7.92,8.03,7.91,37109.0,星期五,0.0,-0.0088
2022-08-18,8.1,7.99,8.1,7.96,49909.0,星期四,-0.0012,-0.0136
2022-08-17,8.07,8.11,8.13,8.06,36861.0,星期三,-0.0049,0.005
2022-08-16,8.11,8.11,8.17,8.06,48913.0,星期二,0.0012,0.0
2022-08-15,8.34,8.1,8.35,8.08,81748.0,星期一,0.0072,-0.0288
2022-08-12,8.3,8.28,8.38,8.24,46452.0,星期五,-0.0036,-0.0024
2022-08-11,8.28,8.33,8.35,8.24,50685.0,星期四,0.0012,0.006
2022-08-10,8.31,8.27,8.34,8.19,51533.0,星期三,0.0,-0.0048
2022-08-09,8.47,8.31,8.54,8.25,92989.0,星期二,0.0036,-0.0189
2022-08-08,8.66,8.44,8.77,8.42,102931.0,星期一,0.0,-0.0254
2022-08-05,8.39,8.66,8.71,8.34,103233.0,星期五,-0.0024,0.0322
2022-08-04,8.3,8.41,8.51,8.27,62733.0,星期四,0.0061,0.0133
2022-08-03,8.36,8.25,8.52,8.19,61567.0,星期三,0.0,-0.0132
2022-08-02,8.66,8.36,8.66,8.29,80482.0,星期二,-0.0069,-0.0346
2022-08-01,8.52,8.72,8.87,8.4,110852.0,星期一,-0.0012,0.0235
2022-07-29,8.6,8.53,8.73,8.52,73465.0,星期五,0.0058,-0.0081
2022-07-28,8.59,8.55,8.65,8.53,56884.0,星期四,0.0035,-0.0047
2022-07-27,8.35,8.56,8.61,8.35,79370.0,星期三,-0.006,0.0251
2022-07-26,8.41,8.4,8.45,8.34,47684.0,星期二,0.0024,-0.0012
2022-07-25,8.28,8.39,8.54,8.21,121718.0,星期一,0.0049,0.0133
2022-07-22,8.25,8.24,8.29,8.17,40969.0,星期五,0.0,-0.0012
2022-07-21,8.4,8.25,8.4,8.24,39923.0,星期四,0.0012,-0.0179
2022-07-20,8.34,8.39,8.42,8.23,95789.0,星期三,-0.006,0.006
2022-07-19,8.21,8.39,8.47,8.13,119279.0,星期二,0.0024,0.0219
2022-07-18,8.11,8.19,8.24,8.03,74482.0,星期一,0.0075,0.0099
2022-07-15,7.92,8.05,8.12,7.79,100538.0,星期五,-0.0198,0.0164
2022-07-14,8.07,8.08,8.1,8.0,45462.0,星期四,0.0012,0.0012
2022-07-13,8.06,8.06,8.12,7.98,66134.0,星期三,0.0037,0.0
2022-07-12,7.88,8.03,8.08,7.84,102013.0,星期二,-0.0013,0.019
2022-07-11,7.92,7.89,7.93,7.83,46205.0,星期一,-0.0038,-0.0038
2022-07-08,7.9,7.95,7.96,7.86,42747.0,星期五,0.0013,0.0063
2022-07-07,7.77,7.89,7.94,7.77,35627.0,星期四,-0.0152,0.0154
2022-07-06,7.97,7.89,8.0,7.79,53184.0,星期三,0.0,-0.01
2022-07-05,7.84,7.97,8.0,7.81,101862.0,星期二,0.0026,0.0166
2022-07-04,7.75,7.82,7.88,7.73,54903.0,星期一,-0.009,0.009
2022-07-01,7.91,7.82,7.92,7.72,74373.0,星期五,0.0013,-0.0114
2022-06-30,7.8,7.9,7.94,7.75,66520.0,星期四,0.0052,0.0128
2022-06-29,7.79,7.76,7.84,7.74,54260.0,星期三,0.0,-0.0039
2022-06-28,7.68,7.79,7.79,7.65,71549.0,星期二,-0.0013,0.0143
2022-06-27,7.65,7.69,7.73,7.63,54558.0,星期一,0.0,0.0052
2022-06-24,7.65,7.65,7.68,7.61,32128.0,星期五,-0.0026,0.0
2022-06-23,7.54,7.67,7.67,7.49,36035.0,星期四,0.0,0.0172
2022-06-22,7.62,7.54,7.64,7.54,31959.0,星期三,0.0,-0.0105
2022-06-21,7.61,7.62,7.69,7.56,44829.0,星期二,0.004,0.0013
2022-06-20,7.54,7.58,7.6,7.51,36384.0,星期一,0.0,0.0053
2022-06-17,7.51,7.54,7.57,7.48,43454.0,星期五,-0.004,0.004
2022-06-16,7.55,7.54,7.61,7.51,43141.0,星期四,-0.004,-0.0013
2022-06-15,7.52,7.58,7.65,7.51,49974.0,星期三,-0.0013,0.008
2022-06-14,7.49,7.53,7.53,7.35,50625.0,星期二,-0.0053,0.0053
2022-06-13,7.66,7.53,7.69,7.46,62325.0,星期一,-0.0091,-0.017
2022-06-10,7.72,7.73,7.76,7.63,40179.0,星期五,0.0,0.0013
2022-06-09,7.77,7.72,7.82,7.66,30997.0,星期四,-0.0026,-0.0064
2022-06-08,7.83,7.79,7.87,7.68,42913.0,星期三,-0.0038,-0.0051
2022-06-07,7.88,7.86,7.91,7.77,48242.0,星期二,0.0025,-0.0025
2022-06-06,7.8,7.86,7.89,7.74,48421.0,星期一,0.0013,0.0077
2022-06-02,7.83,7.79,7.87,7.74,34348.0,星期四,-0.0013,-0.0051
2022-06-01,7.94,7.84,7.97,7.77,47707.0,星期三,0.0,-0.0126
2022-05-31,7.87,7.94,7.96,7.81,50253.0,星期二,-0.0063,0.0089
2022-05-30,7.8,7.92,8.03,7.76,79343.0,星期一,0.0065,0.0154
2022-05-27,7.57,7.75,7.77,7.57,62923.0,星期五,-0.0092,0.0238
2022-05-26,7.54,7.64,7.66,7.5,47565.0,星期四,0.0027,0.0133
2022-05-25,7.35,7.52,7.52,7.35,39388.0,星期三,0.0,0.0231
2022-05-24,7.69,7.35,7.7,7.34,76647.0,星期二,0.0065,-0.0442
2022-05-23,7.66,7.64,7.7,7.61,57605.0,星期一,0.0,-0.0026
2022-05-20,7.76,7.66,7.8,7.59,120434.0,星期五,0.0026,-0.0129
2022-05-19,7.6,7.74,7.75,7.52,37008.0,星期四,-0.0091,0.0184
2022-05-18,7.7,7.67,7.76,7.64,36158.0,星期三,0.0,-0.0039
2022-05-17,7.78,7.7,7.82,7.57,46114.0,星期二,0.0013,-0.0103
2022-05-16,7.8,7.77,7.84,7.66,61935.0,星期一,0.0104,-0.0038
2022-05-13,7.65,7.72,7.76,7.54,62956.0,星期五,0.0026,0.0092
2022-05-12,7.52,7.63,7.66,7.48,47428.0,星期四,-0.0013,0.0146
2022-05-11,7.66,7.53,7.74,7.53,68652.0,星期三,0.0026,-0.017
2022-05-10,7.35,7.64,7.65,7.31,71517.0,星期二,-0.0108,0.0395
2022-05-09,7.28,7.43,7.52,7.25,54442.0,星期一,0.0083,0.0206
2022-05-06,7.3,7.22,7.32,7.17,48705.0,星期五,-0.0162,-0.011
2022-05-05,7.36,7.42,7.56,7.29,63300.0,星期四,-0.0108,0.0082
2022-04-29,7.17,7.44,7.52,7.15,66619.0,星期五,-0.0014,0.0377
2022-04-28,7.2,7.18,7.28,7.01,46315.0,星期四,0.0,-0.0028
2022-04-27,7.02,7.2,7.22,6.92,57771.0,星期三,-0.0057,0.0256
2022-04-26,7.19,7.06,7.31,7.02,62978.0,星期二,0.0084,-0.0181
2022-04-25,7.5,7.13,7.6,7.13,83994.0,星期一,-0.017,-0.0493
2022-04-22,7.56,7.63,7.7,7.56,52117.0,星期五,-0.0079,0.0093
2022-04-21,8.0,7.62,8.02,7.62,100008.0,星期四,-0.0037,-0.0475
2022-04-20,8.18,8.03,8.21,7.96,51466.0,星期三,-0.0024,-0.0183
2022-04-19,8.1,8.2,8.22,8.05,47165.0,星期二,0.0,0.0123
2022-04-18,8.15,8.1,8.24,8.05,46393.0,星期一,-0.0097,-0.0061
2022-04-15,8.42,8.23,8.44,8.18,64939.0,星期五,-0.0024,-0.0226
2022-04-14,8.34,8.44,8.52,8.32,61532.0,星期四,0.0036,0.012
2022-04-13,8.5,8.31,8.56,8.3,81808.0,星期三,-0.007,-0.0224
2022-04-12,8.55,8.56,8.64,8.24,107996.0,星期二,0.0094,0.0012
2022-04-11,8.77,8.47,8.85,8.39,122762.0,星期一,0.0115,-0.0342
2022-04-08,8.5,8.67,8.75,8.43,139426.0,星期五,-0.0012,0.02
2022-04-07,8.58,8.51,8.78,8.49,136508.0,星期四,-0.0115,-0.0082
2022-04-06,8.38,8.68,8.71,8.36,167798.0,星期三,0.0048,0.0358
2022-04-01,8.36,8.34,8.37,8.17,84006.0,星期五,-0.0071,-0.0024
2022-03-31,8.37,8.42,8.5,8.29,141412.0,星期四,0.0,0.006
2022-03-30,8.12,8.37,8.44,8.12,104252.0,星期三,0.0012,0.0308
2022-03-29,8.3,8.11,8.3,8.08,46912.0,星期二,0.0036,-0.0229
2022-03-28,8.08,8.27,8.3,8.0,68393.0,星期一,-0.0049,0.0235
2022-03-25,8.11,8.12,8.21,8.02,42719.0,星期五,0.005,0.0012
2022-03-24,8.13,8.07,8.17,8.05,38155.0,星期四,-0.0037,-0.0074
2022-03-23,8.17,8.16,8.22,8.07,55177.0,星期三,0.0,-0.0012
2022-03-22,8.08,8.17,8.19,8.06,80123.0,星期二,-0.0025,0.0111
2022-03-21,7.8,8.1,8.17,7.79,129314.0,星期一,0.0039,0.0385
2022-03-18,7.6,7.77,7.85,7.58,63128.0,星期五,-0.0039,0.0224
2022-03-17,7.66,7.63,7.75,7.59,45345.0,星期四,0.0119,-0.0039
2022-03-16,7.53,7.57,7.63,7.3,56026.0,星期三,0.0067,0.0053
2022-03-15,7.88,7.48,7.89,7.45,76850.0,星期二,-0.0051,-0.0508
2022-03-14,8.03,7.92,8.09,7.88,39980.0,星期一,-0.0037,-0.0137
2022-03-11,7.93,8.06,8.06,7.77,42346.0,星期五,-0.005,0.0164
2022-03-10,8.03,7.97,8.11,7.92,36625.0,星期四,0.019,-0.0075
2022-03-09,8.04,7.88,8.07,7.64,53299.0,星期三,0.005,-0.0199
2022-03-08,8.17,8.0,8.19,7.93,48938.0,星期二,-0.0012,-0.0208
2022-03-07,8.17,8.18,8.3,8.12,51576.0,星期一,0.0,0.0012
2022-03-04,8.31,8.17,8.31,8.14,37138.0,星期五,0.0012,-0.0168
2022-03-03,8.25,8.3,8.31,8.22,42017.0,星期四,0.0036,0.0061
2022-03-02,8.2,8.22,8.28,8.16,32889.0,星期三,-0.0024,0.0024
2022-03-01,8.2,8.22,8.24,8.15,41180.0,星期二,0.0099,0.0024
2022-02-28,8.2,8.12,8.2,8.03,41200.0,星期一,0.0061,-0.0098
2022-02-25,8.21,8.15,8.33,8.13,45996.0,星期五,0.0061,-0.0073
2022-02-24,8.42,8.16,8.43,8.06,81948.0,星期四,0.0072,-0.0309
2022-02-23,8.48,8.36,8.48,8.3,68444.0,星期三,0.0047,-0.0142
2022-02-22,8.45,8.44,8.53,8.35,85928.0,星期二,-0.0047,-0.0012
2022-02-21,8.46,8.49,8.52,8.36,81824.0,星期一,0.0,0.0035
2022-02-18,8.24,8.46,8.48,8.23,90384.0,星期五,-0.006,0.0267
2022-02-17,8.33,8.29,8.39,8.25,66574.0,星期四,0.0,-0.0048
2022-02-16,8.22,8.33,8.33,8.18,73833.0,星期三,0.0049,0.0134
2022-02-15,8.2,8.18,8.24,8.09,41203.0,星期二,0.0037,-0.0024
2022-02-14,8.1,8.17,8.22,8.05,52602.0,星期一,-0.0025,0.0086
2022-02-11,8.1,8.12,8.22,8.08,44271.0,星期五,-0.0049,0.0025
2022-02-10,8.05,8.14,8.19,8.04,37242.0,星期四,-0.0049,0.0112
2022-02-09,8.05,8.09,8.15,8.05,41547.0,星期三,-0.0037,0.005
2022-02-08,7.91,8.08,8.09,7.88,57250.0,星期二,-0.0013,0.0215
2022-02-07,7.79,7.92,7.95,7.76,42020.0,星期一,0.0117,0.0167
2022-01-28,7.68,7.7,7.76,7.62,24149.0,星期五,0.0026,0.0026
2022-01-27,7.78,7.66,7.78,7.63,27002.0,星期四,0.0,-0.0154
2022-01-26,7.77,7.78,7.8,7.71,22987.0,星期三,0.0078,0.0013
2022-01-25,7.98,7.71,7.99,7.71,47511.0,星期二,0.0,-0.0338
2022-01-24,8.1,7.98,8.1,7.94,30422.0,星期一,-0.0012,-0.0148
2022-01-21,8.21,8.11,8.22,8.05,33835.0,星期五,0.0012,-0.0122
2022-01-20,8.33,8.2,8.38,8.19,33102.0,星期四,0.0,-0.0156
2022-01-19,8.2,8.33,8.39,8.17,52041.0,星期三,0.0,0.0159
2022-01-18,8.27,8.2,8.31,8.14,42223.0,星期二,0.0036,-0.0085
2022-01-17,8.15,8.24,8.27,8.14,25171.0,星期一,0.0,0.011
2022-01-14,8.28,8.15,8.32,8.13,45044.0,星期五,-0.0012,-0.0157
2022-01-13,8.35,8.29,8.43,8.27,42288.0,星期四,-0.0012,-0.0072
2022-01-12,8.41,8.36,8.45,8.33,35777.0,星期三,0.0036,-0.0059
2022-01-11,8.35,8.38,8.55,8.35,53358.0,星期二,-0.0024,0.0036
2022-01-10,8.3,8.37,8.4,8.29,41478.0,星期一,0.0024,0.0084
2022-01-07,8.35,8.28,8.43,8.27,66766.0,星期五,0.0,-0.0084
2022-01-06,8.2,8.35,8.4,8.2,63360.0,星期四,-0.0061,0.0183
2022-01-05,8.28,8.25,8.32,8.17,44662.0,星期三,-0.0012,-0.0036
2022-01-04,8.17,8.29,8.31,8.14,66221.0,星期二,0.0012,0.0147
2021-12-31,8.17,8.16,8.2,8.11,35492.0,星期五,0.0025,-0.0012
2021-12-30,8.07,8.15,8.22,8.06,46373.0,星期四,0.0,0.0099
2021-12-29,8.14,8.07,8.14,8.05,27718.0,星期三,0.0012,-0.0086
2021-12-28,8.1,8.13,8.14,8.06,28659.0,星期二,0.0,0.0037
2021-12-27,8.07,8.1,8.14,8.01,38653.0,星期一,0.0012,0.0037
2021-12-24,8.11,8.06,8.15,8.05,52578.0,星期五,0.0012,-0.0062
2021-12-23,8.2,8.1,8.23,8.06,54678.0,星期四,-0.0036,-0.0122
2021-12-22,8.31,8.23,8.31,8.16,74699.0,星期三,-0.0012,-0.0096
2021-12-21,8.07,8.32,8.32,8.04,129262.0,星期二,0.0,0.031
2021-12-20,8.0,8.07,8.14,7.98,76441.0,星期一,-0.0025,0.0088
2021-12-17,8.0,8.02,8.08,7.97,53166.0,星期五,0.0,0.0025
2021-12-16,7.91,8.0,8.01,7.89,40866.0,星期四,-0.0013,0.0114
2021-12-15,7.86,7.92,7.96,7.86,31302.0,星期三,-0.0025,0.0076
2021-12-14,7.95,7.88,7.95,7.84,33444.0,星期二,0.0025,-0.0088
2021-12-13,7.99,7.93,8.06,7.91,55720.0,星期一,-0.0012,-0.0075
2021-12-10,8.02,8.0,8.05,7.94,40534.0,星期五,-0.0012,-0.0025
2021-12-09,7.96,8.03,8.07,7.93,48129.0,星期四,0.0,0.0088
2021-12-08,7.94,7.96,7.98,7.87,26917.0,星期三,0.0013,0.0025
2021-12-07,7.96,7.93,8.02,7.84,35207.0,星期二,0.0038,-0.0038
2021-12-06,8.05,7.93,8.09,7.91,37459.0,星期一,0.0,-0.0149
2021-12-03,8.04,8.05,8.08,8.0,30981.0,星期五,0.0012,0.0012
2021-12-02,8.0,8.03,8.04,7.94,40650.0,星期四,-0.0012,0.0037
2021-12-01,7.9,8.01,8.05,7.84,49476.0,星期三,0.0,0.0139
2021-11-30,7.78,7.9,7.95,7.77,34439.0,星期二,0.0,0.0154
2021-11-29,7.82,7.78,7.83,7.72,39624.0,星期一,-0.0064,-0.0051
2021-11-26,7.93,7.87,7.93,7.84,23287.0,星期五,0.0,-0.0076
2021-11-25,7.92,7.93,7.95,7.89,26706.0,星期四,0.0,0.0013
2021-11-24,7.94,7.92,7.94,7.88,20672.0,星期三,0.0025,-0.0025
2021-11-23,7.87,7.92,7.93,7.86,26474.0,星期二,-0.0025,0.0064
2021-11-22,7.91,7.89,7.95,7.86,39547.0,星期一,0.0,-0.0025
2021-11-19,7.83,7.91,7.94,7.82,30089.0,星期五,-0.0013,0.0102
2021-11-18,7.9,7.84,7.96,7.83,35905.0,星期四,0.0013,-0.0076
2021-11-17,7.82,7.89,7.89,7.78,23048.0,星期三,0.0013,0.009
2021-11-16,7.9,7.81,7.92,7.78,25899.0,星期二,-0.0013,-0.0114
2021-11-15,7.85,7.91,7.93,7.84,27834.0,星期一,0.0,0.0076
2021-11-12,7.84,7.85,7.87,7.8,23395.0,星期五,-0.0038,0.0013
2021-11-11,7.79,7.87,7.91,7.78,32085.0,星期四,-0.0013,0.0103
2021-11-10,7.78,7.8,7.81,7.72,19794.0,星期三,0.0,0.0026
2021-11-09,7.77,7.78,7.79,7.72,19587.0,星期二,-0.0013,0.0013
2021-11-08,7.75,7.78,7.79,7.71,22544.0,星期一,0.0052,0.0039
2021-11-05,7.69,7.71,7.75,7.66,23590.0,星期五,0.0,0.0026
2021-11-04,7.65,7.69,7.71,7.63,18106.0,星期四,0.0,0.0052
2021-11-03,7.58,7.65,7.67,7.58,12502.0,星期三,-0.0039,0.0092
2021-11-02,7.74,7.61,7.76,7.52,31647.0,星期二,0.0,-0.0168
2021-11-01,7.65,7.74,7.77,7.61,24087.0,星期一,-0.0052,0.0118
2021-10-29,7.6,7.69,7.72,7.59,16612.0,星期五,0.0026,0.0118
2021-10-28,7.72,7.58,7.72,7.56,24385.0,星期四,-0.0013,-0.0181
2021-10-27,7.83,7.73,7.84,7.67,24460.0,星期三,0.0013,-0.0128
2021-10-26,7.82,7.82,7.85,7.77,21326.0,星期二,0.0026,0.0
2021-10-25,7.82,7.8,7.86,7.77,30429.0,星期一,-0.0051,-0.0026
2021-10-22,7.88,7.86,7.96,7.86,20219.0,星期五,-0.0038,-0.0025
2021-10-21,7.93,7.91,7.97,7.9,18081.0,星期四,-0.0013,-0.0025
2021-10-20,8.01,7.94,8.02,7.92,20988.0,星期三,-0.0037,-0.0087
2021-10-19,7.99,8.04,8.05,7.95,24847.0,星期二,0.0013,0.0063
2021-10-18,7.95,7.98,7.99,7.9,21232.0,星期一,0.0,0.0038
2021-10-15,7.95,7.95,8.0,7.9,18708.0,星期五,-0.0025,0.0
2021-10-14,7.95,7.97,8.0,7.9,18290.0,星期四,0.0,0.0025
2021-10-13,7.95,7.95,7.97,7.85,20515.0,星期三,0.0,0.0
2021-10-12,8.06,7.95,8.1,7.88,46578.0,星期二,-0.0049,-0.0136
2021-10-11,8.14,8.1,8.16,8.06,26641.0,星期一,-0.0025,-0.0049
2021-10-08,8.08,8.16,8.18,8.08,36761.0,星期五,0.0037,0.0099
2021-09-30,8.09,8.05,8.11,8.01,40942.0,星期四,0.0012,-0.0049
2021-09-29,8.1,8.08,8.17,8.02,40722.0,星期三,-0.0061,-0.0025
2021-09-28,8.11,8.15,8.19,8.02,35056.0,星期二,0.0012,0.0049
2021-09-27,8.42,8.1,8.45,8.04,59578.0,星期一,0.0024,-0.038
2021-09-24,8.61,8.4,8.64,8.38,52311.0,星期五,-0.0012,-0.0244
2021-09-23,8.44,8.62,8.63,8.44,58865.0,星期四,0.0012,0.0213
2021-09-22,8.41,8.43,8.51,8.33,49318.0,星期三,-0.0083,0.0024
2021-09-17,8.51,8.48,8.63,8.36,50608.0,星期五,-0.0047,-0.0035
2021-09-16,8.75,8.55,8.85,8.54,69337.0,星期四,0.0046,-0.0229
2021-09-15,8.76,8.71,8.76,8.62,63940.0,星期三,0.0115,-0.0057
2021-09-14,8.9,8.66,8.95,8.64,112815.0,星期二,0.0,-0.027
2021-09-13,8.79,8.9,8.99,8.76,69285.0,星期一,-0.0045,0.0125
2021-09-10,9.0,8.83,9.1,8.83,100513.0,星期五,0.0,-0.0189
2021-09-09,8.86,9.0,9.04,8.81,114198.0,星期四,-0.0011,0.0158
2021-09-08,8.81,8.87,8.89,8.77,86523.0,星期三,0.0011,0.0068
2021-09-07,8.8,8.8,8.93,8.74,82732.0,星期二,-0.0045,0.0
2021-09-06,8.82,8.84,8.99,8.79,86340.0,星期一,-0.0023,0.0023
2021-09-03,8.9,8.84,8.99,8.75,116298.0,星期五,-0.0034,-0.0067
2021-09-02,8.7,8.93,8.95,8.64,143768.0,星期四,0.0012,0.0264
2021-09-01,8.6,8.69,8.79,8.5,109220.0,星期三,-0.0046,0.0105
2021-08-31,8.55,8.64,8.72,8.5,94743.0,星期二,0.0,0.0105
2021-08-30,8.51,8.55,8.78,8.45,140162.0,星期一,0.0047,0.0047
2021-08-27,8.36,8.47,8.51,8.29,76557.0,星期五,0.0,0.0132
2021-08-26,8.33,8.36,8.45,8.25,79594.0,星期四,0.0,0.0036
2021-08-25,8.35,8.33,8.36,8.25,40821.0,星期三,0.0,-0.0024
2021-08-24,8.3,8.35,8.55,8.27,59415.0,星期二,-0.0036,0.006
2021-08-23,8.14,8.33,8.46,8.12,64938.0,星期一,0.0,0.0233
2021-08-20,8.23,8.14,8.23,8.03,38753.0,星期五,-0.0012,-0.0109
2021-08-19,8.23,8.24,8.27,8.13,41096.0,星期四,-0.0012,0.0012
2021-08-18,8.18,8.24,8.32,8.1,46253.0,星期三,-0.0012,0.0073
2021-08-17,8.41,8.19,8.44,8.14,79689.0,星期二,0.0012,-0.0262
2021-08-16,8.31,8.4,8.55,8.28,117133.0,星期一,0.0036,0.0108
2021-08-13,8.13,8.28,8.39,8.06,102718.0,星期五,-0.0012,0.0185
2021-08-12,8.15,8.14,8.22,8.03,52644.0,星期四,-0.0012,-0.0012
2021-08-11,7.95,8.16,8.25,7.94,79179.0,星期三,0.0013,0.0264
2021-08-10,7.88,7.94,7.95,7.86,28279.0,星期二,-0.0063,0.0076
2021-08-09,7.83,7.93,7.95,7.79,38166.0,星期一,0.0026,0.0128
2021-08-06,7.82,7.81,7.83,7.75,31655.0,星期五,-0.0013,-0.0013
2021-08-05,7.92,7.83,7.93,7.81,31408.0,星期四,-0.0038,-0.0114
2021-08-04,7.92,7.95,7.95,7.81,21899.0,星期三,-0.0025,0.0038
2021-08-03,7.95,7.94,8.03,7.92,29090.0,星期二,0.0,-0.0013
2021-08-02,7.8,7.95,7.96,7.77,38652.0,星期一,-0.0038,0.0192
2021-07-30,7.79,7.83,7.84,7.67,30242.0,星期五,-0.0013,0.0051
2021-07-29,7.85,7.8,7.89,7.78,32184.0,星期四,0.0077,-0.0064
2021-07-28,7.89,7.79,7.95,7.68,44740.0,星期三,-0.0075,-0.0127
2021-07-27,8.12,7.95,8.17,7.94,41318.0,星期二,-0.0025,-0.0209
2021-07-26,8.14,8.14,8.21,8.04,55412.0,星期一,0.0049,0.0
2021-07-23,8.27,8.1,8.27,8.01,51588.0,星期五,0.0,-0.0206
2021-07-22,8.35,8.27,8.39,8.21,37862.0,星期四,0.0,-0.0096
2021-07-21,8.09,8.35,8.58,8.09,96763.0,星期三,0.0012,0.0321
2021-07-20,8.1,8.08,8.12,7.92,51549.0,星期二,-0.0012,-0.0025
2021-07-19,8.2,8.11,8.27,8.09,34884.0,星期一,0.0012,-0.011
2021-07-16,8.25,8.19,8.39,8.18,53325.0,星期五,-0.0351,-0.0073
2021-07-15,8.61,8.55,8.64,8.39,45588.0,星期四,0.0012,-0.007
2021-07-14,8.67,8.6,8.67,8.55,31530.0,星期三,0.0046,-0.0081
2021-07-13,8.62,8.63,8.7,8.57,38634.0,星期二,-0.0058,0.0012
2021-07-12,8.46,8.67,8.72,8.46,81064.0,星期一,0.0071,0.0248
2021-07-09,8.45,8.4,8.45,8.33,30303.0,星期五,0.0012,-0.0059
2021-07-08,8.49,8.44,8.54,8.41,31555.0,星期四,-0.0059,-0.0059
2021-07-07,8.44,8.54,8.55,8.37,44898.0,星期三,0.0012,0.0118
2021-07-06,8.38,8.43,8.44,8.37,22662.0,星期二,0.0,0.006
2021-07-05,8.38,8.38,8.4,8.35,19664.0,星期一,0.0024,0.0
2021-07-02,8.45,8.36,8.45,8.31,37010.0,星期五,0.0048,-0.0107
2021-07-01,8.52,8.41,8.55,8.4,42771.0,星期四,0.0,-0.0129
2021-06-30,8.59,8.52,8.6,8.47,47816.0,星期三,-0.0012,-0.0081
2021-06-29,8.9,8.6,8.9,8.55,80415.0,星期二,-0.0034,-0.0337
2021-06-28,8.94,8.93,8.97,8.82,55365.0,星期一,0.009,-0.0011
2021-06-25,8.79,8.86,8.87,8.76,45064.0,星期五,-0.0011,0.008
2021-06-24,8.81,8.8,8.92,8.77,38040.0,星期四,-0.0011,-0.0011
2021-06-23,8.84,8.82,8.88,8.78,40070.0,星期三,0.0,-0.0023
2021-06-22,8.86,8.84,8.96,8.77,56925.0,星期二,-0.0034,-0.0023
2021-06-21,8.82,8.89,9.0,8.7,88664.0,星期一,0.0,0.0079
2021-06-18,8.54,8.82,9.11,8.48,140510.0,星期五,0.0,0.0328
2021-06-17,8.48,8.54,8.54,8.47,27699.0,星期四,-0.0012,0.0071
2021-06-16,8.45,8.49,8.51,8.45,25979.0,星期三,-0.0059,0.0047
2021-06-15,8.45,8.5,8.52,8.42,33737.0,星期二,-0.0024,0.0059
2021-06-11,8.52,8.47,8.59,8.46,39260.0,星期五,0.0,-0.0059
2021-06-10,8.56,8.52,8.61,8.48,58825.0,星期四,-0.0047,-0.0047
2021-06-09,8.52,8.6,8.64,8.49,46202.0,星期三,-0.0047,0.0094
2021-06-08,8.51,8.56,8.57,8.45,41871.0,星期二,0.0012,0.0059
2021-06-07,8.56,8.5,8.57,8.45,43861.0,星期一,-0.0035,-0.007
2021-06-04,8.62,8.59,8.72,8.55,56516.0,星期五,-0.0058,-0.0035
2021-06-03,8.5,8.67,8.81,8.46,110799.0,星期四,0.0047,0.02
2021-06-02,8.55,8.46,8.57,8.46,38763.0,星期三,-0.0035,-0.0105
2021-06-01,8.6,8.58,8.6,8.53,26876.0,星期二,-0.0012,-0.0023
2021-05-31,8.56,8.61,8.61,8.45,41014.0,星期一,0.0035,0.0058
2021-05-28,8.7,8.53,8.7,8.52,41432.0,星期五,0.014,-0.0195
2021-05-27,8.54,8.58,8.59,8.53,34934.0,星期四,-0.0012,0.0047
2021-05-26,8.52,8.55,8.59,8.51,33093.0,星期三,0.0012,0.0035
2021-05-25,8.42,8.51,8.54,8.4,36739.0,星期二,-0.0047,0.0107
2021-05-24,8.51,8.46,8.52,8.42,38397.0,星期一,0.0,-0.0059
2021-05-21,8.54,8.51,8.57,8.51,23454.0,星期五,0.0023,-0.0035
2021-05-20,8.58,8.52,8.61,8.49,30658.0,星期四,-0.0058,-0.007
2021-05-19,8.6,8.63,8.68,8.56,41179.0,星期三,-0.0035,0.0035
2021-05-18,8.51,8.63,8.66,8.47,39803.0,星期二,-0.0047,0.0141
2021-05-17,8.68,8.55,8.68,8.53,43332.0,星期一,0.0,-0.015
2021-05-14,8.56,8.68,8.73,8.54,53824.0,星期五,0.0059,0.014
2021-05-13,8.55,8.51,8.62,8.44,49731.0,星期四,-0.0035,-0.0047
2021-05-12,8.52,8.58,8.61,8.45,43765.0,星期三,-0.0023,0.007
2021-05-11,8.48,8.54,8.54,8.38,59251.0,星期二,-0.0047,0.0071
2021-05-10,8.72,8.52,8.77,8.42,83972.0,星期一,-0.0068,-0.0229
2021-05-07,8.79,8.78,8.93,8.69,68888.0,星期五,-0.0011,-0.0011
2021-05-06,9.73,8.8,9.74,8.79,177302.0,星期四,-0.0041,-0.0956
2021-04-28,9.71,9.77,9.83,9.64,55526.0,星期三,-0.0021,0.0062
2021-04-27,10.04,9.73,10.14,9.69,110268.0,星期二,0.004,-0.0309
2021-04-26,9.68,10.0,10.35,9.63,116212.0,星期一,-0.001,0.0331
2021-04-23,9.98,9.69,9.99,9.64,67431.0,星期五,0.001,-0.0291
2021-04-22,9.9,9.97,10.03,9.9,35711.0,星期四,-0.007,0.0071
2021-04-21,9.91,9.97,10.12,9.88,42754.0,星期三,-0.006,0.0061
2021-04-20,9.8,9.97,10.09,9.78,71391.0,星期二,-0.0031,0.0173
2021-04-19,9.72,9.83,9.85,9.69,43069.0,星期一,-0.0041,0.0113
2021-04-16,9.72,9.76,9.83,9.65,42753.0,星期五,0.0,0.0041
2021-04-15,9.7,9.72,9.72,9.57,34437.0,星期四,-0.0021,0.0021
2021-04-14,9.54,9.72,9.83,9.54,46655.0,星期三,-0.0031,0.0189
2021-04-13,9.64,9.57,9.69,9.46,59239.0,星期二,0.001,-0.0073
2021-04-12,10.19,9.63,10.2,9.62,147320.0,星期一,0.002,-0.055
2021-04-09,10.13,10.17,10.25,10.09,63204.0,星期五,-0.003,0.0039
2021-04-08,10.21,10.16,10.35,10.11,72485.0,星期四,-0.0039,-0.0049
2021-04-07,10.4,10.25,10.46,10.1,121537.0,星期三,-0.0057,-0.0144
2021-04-06,10.51,10.46,10.7,10.37,108186.0,星期二,-0.0038,-0.0048
2021-04-02,10.45,10.55,10.73,10.35,134743.0,星期五,-0.0057,0.0096
2021-04-01,10.04,10.51,10.76,9.93,220009.0,星期四,-0.003,0.0468
2021-03-31,10.0,10.07,10.25,10.0,81341.0,星期三,-0.002,0.007
2021-03-30,10.2,10.02,10.27,9.97,91286.0,星期二,0.0049,-0.0176
2021-03-29,10.07,10.15,10.3,9.97,143037.0,星期一,0.0,0.0079
2021-03-26,9.93,10.07,10.13,9.89,146050.0,星期五,0.0,0.0141
2021-03-25,9.81,9.93,10.1,9.7,164459.0,星期四,-0.0091,0.0122
2021-03-24,10.12,9.9,10.26,9.66,357500.0,星期三,-0.0307,-0.0217
2021-03-23,9.5,10.44,10.44,9.46,550491.0,星期二,0.0011,0.0989
2021-03-22,9.45,9.49,9.58,9.42,74717.0,星期一,-0.0021,0.0042
2021-03-19,9.58,9.47,9.78,9.45,117604.0,星期五,-0.0083,-0.0115
2021-03-18,9.83,9.66,10.08,9.66,152753.0,星期四,-0.002,-0.0173
2021-03-17,9.78,9.85,9.87,9.6,102045.0,星期三,-0.002,0.0072
2021-03-16,9.82,9.8,9.84,9.66,84462.0,星期二,0.001,-0.002
2021-03-15,9.8,9.81,9.85,9.6,102902.0,星期一,-0.0051,0.001
2021-03-12,9.91,9.85,10.0,9.77,133401.0,星期五,-0.007,-0.0061
2021-03-11,9.61,9.98,10.19,9.51,252667.0,星期四,0.0169,0.0385
2021-03-10,9.61,9.45,9.67,9.39,86966.0,星期三,0.0105,-0.0166
2021-03-09,9.88,9.51,10.01,9.18,199625.0,星期二,-0.003,-0.0374
2021-03-08,10.25,9.91,10.3,9.88,215656.0,星期一,-0.0068,-0.0332
2021-03-05,9.78,10.32,10.37,9.75,286430.0,星期五,-0.0111,0.0552
2021-03-04,9.88,9.89,10.04,9.73,175932.0,星期四,-0.01,0.001
2021-03-03,9.78,9.98,10.14,9.78,214178.0,星期三,-0.0101,0.0204
2021-03-02,10.5,9.88,10.55,9.85,383836.0,星期二,0.0155,-0.059
2021-03-01,9.46,10.34,10.34,9.35,391948.0,星期一,0.0064,0.093
2021-02-26,9.82,9.4,10.0,9.25,340446.0,星期五,-0.0229,-0.0428
2021-02-25,10.05,10.05,10.28,9.75,321245.0,星期四,0.0,0.0
2021-02-24,9.9,10.05,10.34,9.75,497245.0,星期三,0.0345,0.0152
2021-02-23,8.85,9.57,9.7,8.71,477413.0,星期二,0.0034,0.0814
2021-02-22,8.55,8.82,9.05,8.54,200515.0,星期一,0.0,0.0316
2021-02-19,8.58,8.55,8.58,8.42,71527.0,星期五,0.0239,-0.0035
2021-02-18,8.53,8.38,8.59,8.38,88480.0,星期四,0.0191,-0.0176
2021-02-10,8.16,8.37,8.42,8.14,100959.0,星期三,-0.0037,0.0257
2021-02-09,7.95,8.19,8.21,7.89,88750.0,星期二,0.0025,0.0302
2021-02-08,7.87,7.93,8.02,7.81,44980.0,星期一,0.0,0.0076
2021-02-05,8.0,7.87,8.03,7.82,57490.0,星期五,0.0013,-0.0162
2021-02-04,7.8,7.99,8.13,7.73,107952.0,星期四,-0.0176,0.0244
2021-02-03,8.4,7.94,8.45,7.88,189380.0,星期三,0.0895,-0.0548
2021-02-02,7.47,7.71,7.78,7.45,65559.0,星期二,0.0027,0.0321
2021-02-01,7.47,7.45,7.49,7.39,36463.0,星期一,-0.004,-0.0027
2021-01-29,7.57,7.5,7.62,7.43,26537.0,星期五,0.0013,-0.0092
2021-01-28,7.6,7.56,7.65,7.55,23217.0,星期四,-0.0026,-0.0053
2021-01-27,7.62,7.62,7.67,7.56,24322.0,星期三,-0.0052,0.0
2021-01-26,7.57,7.66,7.75,7.54,34625.0,星期二,0.0,0.0119
2021-01-25,7.65,7.57,7.67,7.56,43776.0,星期一,-0.0039,-0.0105
2021-01-22,7.86,7.68,7.89,7.66,53897.0,星期五,-0.0038,-0.0229
2021-01-21,7.89,7.89,7.94,7.86,39386.0,星期四,0.0025,0.0
2021-01-20,7.9,7.87,7.92,7.85,25137.0,星期三,0.0,-0.0038
2021-01-19,7.86,7.9,7.92,7.82,38257.0,星期二,-0.0013,0.0051
2021-01-18,7.84,7.87,7.9,7.81,28648.0,星期一,0.0,0.0038
2021-01-15,7.82,7.84,7.91,7.81,32835.0,星期五,0.0,0.0026
2021-01-14,7.75,7.82,7.91,7.71,40939.0,星期四,-0.0026,0.009
2021-01-13,7.78,7.77,7.83,7.61,47524.0,星期三,0.0026,-0.0013
2021-01-12,7.67,7.76,7.8,7.67,45064.0,星期二,0.0052,0.0117
2021-01-11,7.86,7.63,7.87,7.58,65916.0,星期一,0.0,-0.0293
2021-01-08,7.87,7.86,7.91,7.77,48242.0,星期五,0.0025,-0.0013
2021-01-07,8.19,7.85,8.19,7.78,101047.0,星期四,0.0012,-0.0415
2021-01-06,8.24,8.18,8.26,8.15,47636.0,星期三,-0.0024,-0.0073
2021-01-05,8.29,8.26,8.3,8.22,43538.0,星期二,-0.0024,-0.0036
2021-01-04,8.26,8.31,8.32,8.22,44932.0,星期一,0.0,0.0061
2020-12-31,8.22,8.26,8.27,8.17,37063.0,星期四,0.0049,0.0049
2020-12-30,8.13,8.18,8.2,8.11,27004.0,星期三,-0.0025,0.0062
2020-12-29,8.11,8.15,8.23,8.11,32744.0,星期二,-0.0025,0.0049
2020-12-28,8.2,8.13,8.21,8.1,30262.0,星期一,0.0037,-0.0085
2020-12-25,8.1,8.17,8.18,8.09,20388.0,星期五,0.0,0.0086
2020-12-24,8.21,8.1,8.21,8.08,37094.0,星期四,0.0,-0.0134
2020-12-23,8.16,8.21,8.24,8.16,27234.0,星期三,-0.0037,0.0061
2020-12-22,8.3,8.19,8.31,8.17,30226.0,星期二,-0.0012,-0.0133
2020-12-21,8.21,8.31,8.34,8.18,33230.0,星期一,-0.0012,0.0122
2020-12-18,8.26,8.22,8.27,8.2,21019.0,星期五,0.0012,-0.0048
2020-12-17,8.18,8.25,8.25,8.08,36902.0,星期四,-0.0012,0.0086
2020-12-16,8.26,8.19,8.3,8.17,27986.0,星期三,0.0,-0.0085
2020-12-15,8.21,8.26,8.29,8.17,28926.0,星期二,0.0,0.0061
2020-12-14,8.18,8.21,8.24,8.13,21773.0,星期一,-0.0012,0.0037
2020-12-11,8.3,8.19,8.32,8.13,43424.0,星期五,-0.0012,-0.0133
2020-12-10,8.28,8.31,8.33,8.21,33424.0,星期四,-0.0012,0.0036
2020-12-09,8.46,8.29,8.47,8.28,55913.0,星期三,-0.0024,-0.0201
2020-12-08,8.5,8.48,8.54,8.47,30274.0,星期二,0.0012,-0.0024
2020-12-07,8.48,8.49,8.53,8.46,37878.0,星期一,0.0012,0.0012
2020-12-04,8.48,8.47,8.49,8.43,28744.0,星期五,0.0,-0.0012
2020-12-03,8.5,8.48,8.52,8.44,45471.0,星期四,-0.0035,-0.0024
2020-12-02,8.53,8.53,8.55,8.49,40471.0,星期三,0.0012,0.0
2020-12-01,8.45,8.52,8.53,8.43,47142.0,星期二,-0.0024,0.0083
2020-11-30,8.43,8.47,8.52,8.43,47712.0,星期一,0.0,0.0047
2020-11-27,8.4,8.43,8.45,8.35,28598.0,星期五,0.0012,0.0036
2020-11-26,8.45,8.39,8.49,8.35,46736.0,星期四,-0.0047,-0.0071
2020-11-25,8.47,8.49,8.64,8.45,83258.0,星期三,0.0012,0.0024
2020-11-24,8.51,8.46,8.54,8.45,48375.0,星期二,0.0012,-0.0059
2020-11-23,8.49,8.5,8.54,8.46,57225.0,星期一,0.0,0.0012
2020-11-20,8.49,8.49,8.5,8.43,47838.0,星期五,0.0012,0.0
2020-11-19,8.46,8.48,8.5,8.42,54704.0,星期四,0.0,0.0024
2020-11-18,8.44,8.46,8.47,8.41,48397.0,星期三,0.0,0.0024
2020-11-17,8.4,8.44,8.44,8.36,55649.0,星期二,0.0,0.0048
2020-11-16,8.28,8.4,8.4,8.28,51709.0,星期一,0.0,0.0145
2020-11-13,8.3,8.28,8.32,8.24,43463.0,星期五,-0.006,-0.0024
2020-11-12,8.32,8.35,8.37,8.27,46822.0,星期四,0.0,0.0036
2020-11-11,8.39,8.32,8.4,8.29,46731.0,星期三,-0.0012,-0.0083
2020-11-10,8.48,8.4,8.54,8.36,70839.0,星期二,0.0047,-0.0094
2020-11-09,8.28,8.44,8.5,8.27,111974.0,星期一,0.0012,0.0193
2020-11-06,8.34,8.27,8.35,8.23,73927.0,星期五,0.0012,-0.0084
2020-11-05,8.23,8.33,8.34,8.22,102334.0,星期四,0.0049,0.0122
2020-11-04,8.28,8.19,8.28,8.14,83178.0,星期三,0.0012,-0.0109
2020-11-03,8.22,8.27,8.31,8.16,112290.0,星期二,0.0037,0.0061
2020-11-02,8.41,8.19,8.46,8.07,157877.0,星期一,-0.0059,-0.0262
2020-10-30,8.94,8.46,8.99,8.41,256860.0,星期五,-0.0154,-0.0537
2020-10-29,8.89,9.08,9.09,8.84,76373.0,星期四,-0.0089,0.0214
2020-10-28,9.0,8.97,9.02,8.8,67576.0,星期三,0.0011,-0.0033
2020-10-27,8.9,8.99,9.03,8.86,53754.0,星期二,-0.0045,0.0101
2020-10-26,9.07,8.94,9.07,8.86,113537.0,星期一,-0.0011,-0.0143
2020-10-23,9.23,9.08,9.33,9.08,70633.0,星期五,-0.0011,-0.0163
2020-10-22,9.26,9.24,9.3,9.18,43510.0,星期四,-0.0011,-0.0022
2020-10-21,9.32,9.27,9.33,9.2,50240.0,星期三,-0.0021,-0.0054
2020-10-20,9.22,9.34,9.35,9.16,73581.0,星期二,0.0033,0.013
2020-10-19,9.32,9.19,9.36,9.18,62401.0,星期一,0.0054,-0.0139
2020-10-16,9.21,9.27,9.31,9.18,57815.0,星期五,0.0022,0.0065
2020-10-15,9.23,9.19,9.28,9.17,70495.0,星期四,-0.0011,-0.0043
2020-10-14,9.46,9.24,9.5,9.24,123404.0,星期三,0.0,-0.0233
2020-10-13,9.52,9.46,9.52,9.42,80429.0,星期二,-0.0021,-0.0063
2020-10-12,9.4,9.54,9.55,9.35,128432.0,星期一,0.0011,0.0149
2020-10-09,9.43,9.39,9.44,9.34,78314.0,星期五,0.014,-0.0042
2020-09-30,9.17,9.3,9.31,9.1,78677.0,星期三,0.0,0.0142
2020-09-29,9.14,9.17,9.25,9.14,61901.0,星期二,0.0022,0.0033
2020-09-28,9.08,9.12,9.18,9.06,56244.0,星期一,-0.0044,0.0044
2020-09-25,9.25,9.12,9.29,9.03,88097.0,星期五,0.0043,-0.0141
2020-09-24,9.43,9.21,9.44,9.18,122598.0,星期四,-0.0074,-0.0233
2020-09-23,9.52,9.5,9.62,9.42,104561.0,星期三,0.0053,-0.0021
2020-09-22,9.65,9.47,9.71,9.45,147521.0,星期二,-0.0072,-0.0187
2020-09-21,9.95,9.72,9.98,9.67,210813.0,星期一,0.0051,-0.0231
2020-09-18,9.51,9.9,9.92,9.49,300695.0,星期五,-0.0052,0.041
2020-09-17,9.61,9.56,9.7,9.45,124889.0,星期四,-0.001,-0.0052
2020-09-16,9.45,9.62,9.77,9.33,189417.0,星期三,-0.0053,0.018
2020-09-15,9.65,9.5,9.65,9.39,146661.0,星期二,-0.0021,-0.0155
2020-09-14,9.5,9.67,9.73,9.38,264558.0,星期一,0.0053,0.0179
2020-09-11,9.03,9.45,9.54,9.03,238556.0,星期五,-0.0088,0.0465
2020-09-10,9.31,9.11,9.35,9.1,150433.0,星期四,0.0032,-0.0215
2020-09-09,9.18,9.28,9.42,9.14,168204.0,星期三,-0.0108,0.0109
2020-09-08,9.16,9.28,9.3,9.13,113929.0,星期二,0.0033,0.0131
2020-09-07,9.35,9.13,9.4,9.1,189652.0,星期一,0.0054,-0.0235
2020-09-04,9.24,9.3,9.46,9.2,165169.0,星期五,-0.0149,0.0065
2020-09-03,9.61,9.38,9.63,9.32,223274.0,星期四,-0.001,-0.0239
2020-09-02,9.64,9.62,9.74,9.53,241495.0,星期三,-0.0041,-0.0021
2020-09-01,9.8,9.68,9.88,9.5,334704.0,星期二,0.0145,-0.0122
2020-08-31,9.47,9.66,9.9,9.4,642948.0,星期一,-0.0104,0.0201
2020-08-28,9.24,9.57,9.77,9.16,917980.0,星期五,0.0405,0.0357
2020-08-27,8.88,8.88,8.92,8.72,142677.0,星期四,-0.0056,0.0
2020-08-26,8.82,8.93,8.96,8.72,189632.0,星期三,0.0034,0.0125
2020-08-25,8.83,8.79,8.9,8.76,84770.0,星期二,0.0011,-0.0045
2020-08-24,8.68,8.82,8.86,8.68,93642.0,星期一,0.0,0.0161
2020-08-21,8.68,8.68,8.75,8.64,52486.0,星期五,0.0023,0.0
2020-08-20,8.78,8.66,8.78,8.65,78466.0,星期四,0.0,-0.0137
2020-08-19,8.86,8.78,8.92,8.78,112910.0,星期三,0.0034,-0.009
2020-08-18,8.86,8.83,8.88,8.78,92019.0,星期二,0.0034,-0.0034
2020-08-17,8.67,8.83,8.85,8.67,103054.0,星期一,0.0,0.0185
2020-08-14,8.67,8.67,8.68,8.53,59112.0,星期五,0.0035,0.0
2020-08-13,8.6,8.64,8.68,8.58,78451.0,星期四,0.0023,0.0047
2020-08-12,8.67,8.58,8.72,8.42,127594.0,星期三,-0.0012,-0.0104
2020-08-11,8.94,8.68,8.95,8.68,111465.0,星期二,0.0011,-0.0291
2020-08-10,8.71,8.93,8.94,8.7,138211.0,星期一,-0.0034,0.0253
2020-08-07,8.88,8.74,8.9,8.63,112024.0,星期五,-0.0056,-0.0158
2020-08-06,8.9,8.93,8.95,8.82,134542.0,星期四,-0.0011,0.0034
2020-08-05,8.93,8.91,8.95,8.78,112662.0,星期三,0.0,-0.0022
2020-08-04,8.96,8.93,8.97,8.83,128846.0,星期二,0.0045,-0.0033
2020-08-03,8.78,8.92,8.94,8.77,133517.0,星期一,0.0034,0.0159
2020-07-31,8.7,8.75,8.79,8.62,111701.0,星期五,-0.0046,0.0057
2020-07-30,8.81,8.74,8.91,8.72,119944.0,星期四,0.0115,-0.0079
2020-07-29,8.58,8.71,8.72,8.46,108499.0,星期三,-0.0035,0.0152
2020-07-28,8.6,8.61,8.66,8.56,102463.0,星期二,-0.038,0.0012
2020-07-27,9.09,8.94,9.15,8.85,157484.0,星期一,0.0011,-0.0165
2020-07-24,9.38,9.08,9.5,9.03,170997.0,星期五,-0.0042,-0.032
2020-07-23,9.38,9.42,9.43,9.13,167503.0,星期四,-0.0053,0.0043
2020-07-22,9.54,9.43,9.54,9.35,197842.0,星期三,-0.0063,-0.0115
2020-07-21,9.52,9.6,9.68,9.42,219558.0,星期二,0.0053,0.0084
2020-07-20,9.08,9.47,9.49,9.07,199156.0,星期一,0.0044,0.043
2020-07-17,8.98,9.04,9.13,8.94,110559.0,星期五,0.0011,0.0067
2020-07-16,9.28,8.97,9.36,8.96,172041.0,星期四,0.0022,-0.0334
2020-07-15,9.49,9.26,9.63,9.23,175776.0,星期三,0.0096,-0.0242
2020-07-14,9.5,9.4,9.6,9.21,187040.0,星期二,0.0021,-0.0105
2020-07-13,9.23,9.48,9.57,9.22,204404.0,星期一,0.0,0.0271
2020-07-10,9.33,9.23,9.43,9.2,170454.0,星期五,-0.0053,-0.0107
2020-07-09,9.28,9.38,9.46,9.22,207341.0,星期四,0.0022,0.0108
2020-07-08,9.16,9.26,9.26,9.12,181967.0,星期三,0.0011,0.0109
2020-07-07,9.27,9.15,9.36,9.14,270520.0,星期二,0.0054,-0.0129
2020-07-06,8.91,9.22,9.23,8.91,254272.0,星期一,0.0034,0.0348
2020-07-03,8.74,8.88,8.92,8.74,195566.0,星期五,0.0,0.016
2020-07-02,8.6,8.74,8.76,8.59,164338.0,星期四,-0.0023,0.0163
2020-07-01,8.5,8.62,8.62,8.46,99880.0,星期三,0.0,0.0141
2020-06-30,8.45,8.5,8.52,8.43,53100.0,星期二,0.0024,0.0059
2020-06-29,8.51,8.43,8.51,8.4,46972.0,星期一,-0.0023,-0.0094
2020-06-24,8.54,8.53,8.56,8.5,49230.0,星期三,0.0012,-0.0012
2020-06-23,8.59,8.53,8.59,8.51,52470.0,星期二,0.0012,-0.007
2020-06-22,8.65,8.58,8.66,8.55,68505.0,星期一,0.0046,-0.0081
2020-06-19,8.59,8.61,8.63,8.56,76791.0,星期五,0.0035,0.0023
2020-06-18,8.55,8.56,8.61,8.51,66519.0,星期四,0.0,0.0012
2020-06-17,8.51,8.55,8.56,8.48,58038.0,星期三,0.0,0.0047
2020-06-16,8.46,8.51,8.51,8.44,46624.0,星期二,0.0059,0.0059
2020-06-15,8.46,8.41,8.54,8.41,56938.0,星期一,-0.0012,-0.0059
2020-06-12,8.36,8.47,8.52,8.31,60794.0,星期五,-0.0153,0.0132
2020-06-11,8.59,8.49,8.6,8.49,69317.0,星期四,0.0,-0.0116
2020-06-10,8.66,8.59,8.69,8.56,65367.0,星期三,-0.0023,-0.0081
2020-06-09,8.61,8.68,8.73,8.57,77208.0,星期二,0.0012,0.0081
2020-06-08,8.66,8.6,8.68,8.59,65045.0,星期一,0.0023,-0.0069
2020-06-05,8.62,8.64,8.65,8.56,57231.0,星期五,-0.0012,0.0023
2020-06-04,8.69,8.63,8.7,8.58,82285.0,星期四,0.0035,-0.0069
2020-06-03,8.76,8.66,8.79,8.65,124733.0,星期三,-0.0011,-0.0114
2020-06-02,8.7,8.77,8.83,8.66,151463.0,星期二,0.0,0.008
2020-06-01,8.57,8.7,8.74,8.56,146829.0,星期一,-0.0012,0.0152
2020-05-29,8.52,8.58,8.62,8.44,81398.0,星期五,0.0,0.007
2020-05-28,8.54,8.52,8.62,8.43,59165.0,星期四,-0.0023,-0.0023
2020-05-27,8.53,8.56,8.61,8.46,72075.0,星期三,0.0,0.0035
2020-05-26,8.44,8.53,8.54,8.42,60650.0,星期二,0.0,0.0107
2020-05-25,8.46,8.44,8.47,8.38,52075.0,星期一,-0.0059,-0.0024
2020-05-22,8.48,8.51,8.53,8.33,86088.0,星期五,-0.0024,0.0035
2020-05-21,8.56,8.5,8.67,8.48,92159.0,星期四,0.0035,-0.007
2020-05-20,8.68,8.53,8.68,8.5,76542.0,星期三,0.0,-0.0173
2020-05-19,8.6,8.68,8.68,8.57,93010.0,星期二,0.0118,0.0093
2020-05-18,8.55,8.5,8.57,8.46,57389.0,星期一,0.0035,-0.0058
2020-05-15,8.56,8.52,8.61,8.5,69321.0,星期五,0.0012,-0.0047
2020-05-14,8.67,8.55,8.67,8.53,72944.0,星期四,-0.0023,-0.0138
2020-05-13,8.64,8.69,8.72,8.61,71253.0,星期三,-0.0058,0.0058
2020-05-12,8.78,8.69,8.8,8.57,116584.0,星期二,0.0,-0.0103
2020-05-11,8.81,8.78,8.86,8.75,115732.0,星期一,0.0,-0.0034
2020-05-08,8.77,8.81,8.83,8.72,143367.0,星期五,0.0046,0.0046
2020-05-07,8.9,8.73,8.9,8.7,121303.0,星期四,0.0102,-0.0191
2020-05-06,8.69,8.81,8.86,8.65,175456.0,星期三,-0.0011,0.0138
2020-04-30,8.49,8.7,8.71,8.49,163720.0,星期四,0.0192,0.0247
2020-04-29,8.35,8.33,8.41,8.25,63689.0,星期三,-0.0024,-0.0024
2020-04-28,8.45,8.37,8.57,8.12,83728.0,星期二,0.0,-0.0095
2020-04-27,8.49,8.45,8.6,8.45,50455.0,星期一,0.0,-0.0047
2020-04-24,8.66,8.49,8.74,8.46,71665.0,星期五,0.0,-0.0196
2020-04-23,8.8,8.66,8.81,8.65,71220.0,星期四,0.0,-0.0159
2020-04-22,8.78,8.8,8.8,8.68,87937.0,星期三,-0.0045,0.0023
2020-04-21,8.7,8.82,8.86,8.6,190379.0,星期二,0.0012,0.0138
2020-04-20,8.56,8.69,8.73,8.52,135630.0,星期一,0.0082,0.0152
2020-04-17,8.66,8.49,8.66,8.47,90250.0,星期五,0.0117,-0.0196
2020-04-16,8.4,8.56,8.57,8.37,102509.0,星期四,0.0,0.019
2020-04-15,8.49,8.4,8.57,8.39,54973.0,星期三,0.0,-0.0106
2020-04-14,8.38,8.49,8.5,8.37,57474.0,星期二,0.0048,0.0131
2020-04-13,8.35,8.34,8.42,8.28,40410.0,星期一,-0.006,-0.0012
2020-04-10,8.55,8.4,8.6,8.39,67453.0,星期五,0.0035,-0.0175
2020-04-09,8.52,8.52,8.58,8.48,57651.0,星期四,0.0024,0.0
2020-04-08,8.44,8.5,8.54,8.41,67654.0,星期三,-0.0024,0.0071
2020-04-07,8.4,8.46,8.48,8.37,78275.0,星期二,0.0145,0.0071
2020-04-03,8.32,8.28,8.37,8.25,48019.0,星期五,-0.0012,-0.0048
2020-04-02,8.17,8.33,8.33,8.13,55360.0,星期四,-0.0049,0.0196
2020-04-01,8.24,8.21,8.32,8.19,51142.0,星期三,0.0,-0.0036
2020-03-31,8.26,8.24,8.3,8.22,58750.0,星期二,0.0098,-0.0024
2020-03-30,8.25,8.18,8.26,8.06,71235.0,星期一,-0.0155,-0.0085
2020-03-27,8.45,8.38,8.54,8.37,82865.0,星期五,0.0096,-0.0083
2020-03-26,8.5,8.37,8.53,8.35,72542.0,星期四,-0.0058,-0.0153
2020-03-25,8.53,8.55,8.6,8.42,114231.0,星期三,0.0155,0.0023
2020-03-24,8.35,8.4,8.41,8.2,82833.0,星期二,0.0183,0.006
2020-03-23,8.38,8.2,8.46,8.18,86698.0,星期一,-0.0187,-0.0215
2020-03-20,8.41,8.54,8.55,8.37,117726.0,星期五,0.0012,0.0155
2020-03-19,8.17,8.4,8.43,8.05,115580.0,星期四,0.0037,0.0282
2020-03-18,8.34,8.14,8.42,8.12,104055.0,星期三,0.0085,-0.024
2020-03-17,8.3,8.27,8.35,7.95,119353.0,星期二,0.011,-0.0036
2020-03-16,8.65,8.21,8.74,8.18,163011.0,星期一,0.0129,-0.0509
2020-03-13,8.23,8.54,8.64,8.23,172048.0,星期五,-0.0594,0.0377
2020-03-12,8.93,8.75,8.95,8.7,155246.0,星期四,-0.0111,-0.0202
2020-03-11,9.2,9.03,9.3,9.02,160054.0,星期三,0.0,-0.0185
2020-03-10,8.9,9.2,9.25,8.83,202530.0,星期二,-0.0122,0.0337
2020-03-09,9.26,9.01,9.37,9.01,210607.0,星期一,-0.0201,-0.027
2020-03-06,9.57,9.45,9.61,9.4,179332.0,星期五,-0.0093,-0.0125
2020-03-05,9.85,9.66,9.92,9.58,257456.0,星期四,0.0165,-0.0193
2020-03-04,9.52,9.69,9.75,9.5,261264.0,星期三,-0.0083,0.0179
2020-03-03,9.68,9.6,9.83,9.48,424041.0,星期二,0.0189,-0.0083
2020-03-02,8.81,9.5,9.57,8.81,377803.0,星期一,0.0126,0.0783
2020-02-28,9.25,8.7,9.26,8.68,295377.0,星期五,-0.0253,-0.0595
2020-02-27,9.37,9.49,9.49,9.25,258241.0,星期四,0.013,0.0128
2020-02-26,9.18,9.25,9.49,9.1,255636.0,星期三,-0.0097,0.0076
2020-02-25,9.17,9.27,9.32,8.85,261813.0,星期二,-0.0255,0.0109
2020-02-24,9.23,9.41,9.47,9.18,230654.0,星期一,-0.0107,0.0195
2020-02-21,9.2,9.33,9.44,9.17,201104.0,星期五,-0.0054,0.0141
2020-02-20,9.05,9.25,9.29,8.97,196286.0,星期四,0.0022,0.0221
2020-02-19,9.1,9.03,9.22,9.03,161165.0,星期三,-0.0044,-0.0077
2020-02-18,9.05,9.14,9.16,8.99,209125.0,星期二,0.0033,0.0099
2020-02-17,8.8,9.02,9.03,8.8,206140.0,星期一,0.0,0.025
2020-02-14,8.73,8.8,8.87,8.69,158940.0,星期五,-0.0057,0.008
2020-02-13,8.72,8.78,8.94,8.71,174337.0,星期四,-0.0068,0.0069
2020-02-12,8.69,8.78,8.82,8.66,144695.0,星期三,0.0023,0.0104
2020-02-11,8.81,8.67,8.81,8.65,162961.0,星期二,-0.0079,-0.0159
2020-02-10,8.4,8.88,8.9,8.33,281082.0,星期一,-0.0012,0.0571
2020-02-07,8.33,8.41,8.41,8.22,182143.0,星期五,-0.0012,0.0096
2020-02-06,8.24,8.34,8.38,8.14,174294.0,星期四,0.0049,0.0121
2020-02-05,8.04,8.2,8.39,8.0,204339.0,星期三,-0.0025,0.0199
2020-02-04,7.49,8.06,8.14,7.49,264819.0,星期二,-0.0976,0.0761
2020-02-03,8.3,8.3,8.3,8.3,24554.0,星期一,-0.0998,0.0
2020-01-23,9.7,9.22,9.74,9.1,209319.0,星期四,-0.0061,-0.0495
2020-01-22,9.65,9.76,9.81,9.38,144041.0,星期三,-0.0052,0.0114
2020-01-21,9.81,9.7,9.81,9.68,103150.0,星期二,-0.0041,-0.0112
2020-01-20,9.62,9.85,9.88,9.55,174707.0,星期一,0.001,0.0239
2020-01-17,9.93,9.61,9.94,9.61,186805.0,星期五,0.0091,-0.0322
2020-01-16,9.77,9.84,9.96,9.73,208162.0,星期四,0.0041,0.0072
2020-01-15,9.95,9.73,10.02,9.63,262634.0,星期三,0.0279,-0.0221
2020-01-14,9.71,9.68,9.85,9.6,215943.0,星期二,0.001,-0.0031
2020-01-13,9.47,9.7,9.72,9.4,256794.0,星期一,-0.0011,0.0243
2020-01-10,9.36,9.48,9.5,9.31,178253.0,星期五,0.0021,0.0128
2020-01-09,9.32,9.34,9.37,9.29,125928.0,星期四,0.0108,0.0021
2020-01-08,9.45,9.22,9.46,9.12,223125.0,星期三,-0.0074,-0.0243
2020-01-07,9.5,9.52,9.58,9.38,172444.0,星期二,-0.0042,0.0021
2020-01-06,9.32,9.54,9.67,9.29,261525.0,星期一,-0.0043,0.0236
2020-01-03,9.4,9.36,9.45,9.31,132167.0,星期五,0.0011,-0.0043
2020-01-02,9.33,9.39,9.49,9.32,188087.0,星期四,0.0021,0.0064
2019-12-31,9.21,9.31,9.34,9.13,154891.0,星期二,-0.0011,0.0109
2019-12-30,9.04,9.22,9.26,9.02,146617.0,星期一,-0.0066,0.0199
2019-12-27,9.42,9.1,9.42,9.08,268211.0,星期五,0.0,-0.034
2019-12-26,9.34,9.42,9.42,9.23,217328.0,星期四,-0.0043,0.0086
2019-12-25,9.41,9.38,9.46,9.28,222337.0,星期三,-0.0095,-0.0032
2019-12-24,9.26,9.5,9.5,9.14,312957.0,星期二,0.0165,0.0259
2019-12-23,9.13,9.11,9.44,9.08,255199.0,星期一,0.0044,-0.0022
2019-12-20,9.29,9.09,9.33,9.09,170717.0,星期五,0.0011,-0.0215
2019-12-19,9.23,9.28,9.38,9.17,183085.0,星期四,0.0033,0.0054
2019-12-18,9.19,9.2,9.34,9.15,206485.0,星期三,-0.0011,0.0011
2019-12-17,9.15,9.2,9.29,9.05,292923.0,星期二,0.0055,0.0055
2019-12-16,8.81,9.1,9.17,8.77,285046.0,星期一,0.0034,0.0329
2019-12-13,8.68,8.78,8.78,8.67,102992.0,星期五,0.0058,0.0115
2019-12-12,8.65,8.63,8.73,8.61,99443.0,星期四,-0.0035,-0.0023
2019-12-11,8.83,8.68,8.85,8.66,127418.0,星期三,-0.0034,-0.017
2019-12-10,8.87,8.86,8.91,8.78,142319.0,星期二,-0.0034,-0.0011
2019-12-09,8.71,8.9,8.9,8.68,204360.0,星期一,-0.0023,0.0218
2019-12-06,8.81,8.73,8.82,8.63,140012.0,星期五,-0.0011,-0.0091
2019-12-05,8.79,8.82,8.84,8.74,138017.0,星期四,0.0011,0.0034
2019-12-04,8.75,8.78,8.84,8.73,122819.0,星期三,-0.0113,0.0034
2019-12-03,8.61,8.85,8.88,8.54,226616.0,星期二,-0.0058,0.0279
2019-12-02,8.66,8.66,8.81,8.58,135762.0,星期一,0.0012,0.0
2019-11-29,8.47,8.65,8.67,8.44,121560.0,星期五,-0.0012,0.0213
2019-11-28,8.49,8.48,8.63,8.41,96976.0,星期四,-0.0012,-0.0012
2019-11-27,8.39,8.5,8.55,8.36,90344.0,星期三,0.0,0.0131
2019-11-26,8.46,8.39,8.48,8.34,57655.0,星期二,0.0,-0.0083
2019-11-25,8.44,8.46,8.54,8.3,85001.0,星期一,0.0,0.0024
2019-11-22,8.58,8.44,8.73,8.38,126886.0,星期五,0.0,-0.0163
2019-11-21,8.55,8.58,8.66,8.5,84482.0,星期四,-0.0047,0.0035
2019-11-20,8.66,8.59,8.66,8.53,98893.0,星期三,0.0023,-0.0081
2019-11-19,8.32,8.64,8.66,8.29,151564.0,星期二,0.0012,0.0385
2019-11-18,8.23,8.31,8.36,8.23,61689.0,星期一,-0.0024,0.0097
2019-11-15,8.49,8.25,8.49,8.25,95156.0,星期五,-0.0012,-0.0283
2019-11-14,8.3,8.5,8.53,8.28,113923.0,星期四,0.0,0.0241
2019-11-13,8.38,8.3,8.45,8.23,97760.0,星期三,-0.0059,-0.0095
2019-11-12,8.4,8.43,8.45,8.2,96304.0,星期二,0.0024,0.0036
2019-11-11,8.42,8.38,8.62,8.32,138480.0,星期一,-0.0047,-0.0048
2019-11-08,8.68,8.46,8.73,8.46,138710.0,星期五,0.0023,-0.0253
2019-11-07,8.58,8.66,8.73,8.58,131161.0,星期四,-0.0069,0.0093
2019-11-06,8.78,8.64,8.85,8.54,205762.0,星期三,-0.0045,-0.0159
2019-11-05,8.89,8.82,8.95,8.68,205112.0,星期二,-0.0011,-0.0079
2019-11-04,8.89,8.9,8.95,8.74,285509.0,星期一,0.0,0.0011
2019-11-01,8.36,8.89,8.97,8.3,460517.0,星期五,-0.0059,0.0634
2019-10-31,8.35,8.41,8.59,8.3,294667.0,星期四,0.0233,0.0072
2019-10-30,8.24,8.16,8.5,8.12,150037.0,星期三,-0.0084,-0.0097
2019-10-29,8.29,8.31,8.7,8.15,259930.0,星期二,-0.0048,0.0024
2019-10-28,8.08,8.33,8.34,8.01,139725.0,星期一,0.0087,0.0309
2019-10-25,7.9,8.01,8.02,7.81,50289.0,星期五,0.0,0.0139
2019-10-24,8.0,7.9,8.0,7.85,72566.0,星期四,-0.0025,-0.0125
2019-10-23,7.88,8.02,8.16,7.87,117234.0,星期三,0.0025,0.0178
2019-10-22,7.85,7.86,7.89,7.77,35127.0,星期二,0.0,0.0013
2019-10-21,7.85,7.85,7.91,7.7,40042.0,星期一,0.0038,0.0
2019-10-18,8.03,7.82,8.03,7.8,44548.0,星期五,0.0075,-0.0262
2019-10-17,7.98,7.97,8.05,7.94,26518.0,星期四,0.0,-0.0013
2019-10-16,8.04,7.98,8.08,7.97,39072.0,星期三,0.0,-0.0075
2019-10-15,8.11,8.04,8.12,7.99,43775.0,星期二,-0.0025,-0.0086
2019-10-14,8.0,8.13,8.16,8.0,72305.0,星期一,0.005,0.0163
2019-10-11,7.92,7.96,8.02,7.88,60020.0,星期五,0.0,0.0051
2019-10-10,7.85,7.92,7.92,7.84,49091.0,星期四,0.0038,0.0089
2019-10-09,7.73,7.82,7.83,7.69,42970.0,星期三,-0.0115,0.0116
2019-10-08,7.92,7.82,7.92,7.7,61740.0,星期二,0.0076,-0.0126
2019-09-30,7.86,7.86,8.28,7.82,75648.0,星期一,0.0013,0.0
2019-09-27,7.79,7.85,7.91,7.79,38018.0,星期五,-0.0013,0.0077
2019-09-26,8.1,7.8,8.14,7.78,82099.0,星期四,0.0062,-0.037
2019-09-25,8.24,8.05,8.24,8.03,82988.0,星期三,0.0012,-0.0231
2019-09-24,8.26,8.23,8.33,8.19,67802.0,星期二,0.0,-0.0036
2019-09-23,8.4,8.26,8.42,8.18,68386.0,星期一,-0.0024,-0.0167
2019-09-20,8.5,8.42,8.53,8.38,57470.0,星期五,0.0035,-0.0094
2019-09-19,8.46,8.47,8.48,8.37,63337.0,星期四,0.0108,0.0012
2019-09-18,8.4,8.37,8.51,8.35,77557.0,星期三,0.0024,-0.0036
2019-09-17,8.62,8.38,8.65,8.28,118388.0,星期二,-0.0035,-0.0278
2019-09-16,8.63,8.65,8.77,8.63,129453.0,星期一,0.007,0.0023
2019-09-12,8.59,8.57,8.63,8.48,95273.0,星期四,-0.0023,-0.0023
2019-09-11,8.62,8.61,8.72,8.56,123386.0,星期三,0.0023,-0.0012
2019-09-10,8.7,8.6,8.76,8.51,115803.0,星期二,0.0105,-0.0115
2019-09-09,8.43,8.61,8.62,8.43,134452.0,星期一,0.006,0.0214
2019-09-06,8.37,8.38,8.46,8.34,84113.0,星期五,0.0012,0.0012
2019-09-05,8.31,8.36,8.5,8.28,158048.0,星期四,0.0024,0.006
2019-09-04,8.17,8.29,8.33,8.17,115256.0,星期三,-0.0037,0.0147
2019-09-03,8.24,8.2,8.35,8.13,133930.0,星期二,0.0061,-0.0049
2019-09-02,7.79,8.19,8.25,7.78,140859.0,星期一,-0.0139,0.0513
2019-08-30,8.11,7.9,8.16,7.9,87339.0,星期五,0.0025,-0.0259
2019-08-29,8.06,8.09,8.15,8.0,73199.0,星期四,0.0037,0.0037
2019-08-28,8.11,8.03,8.11,7.97,82404.0,星期三,-0.0025,-0.0099
2019-08-27,7.9,8.13,8.19,7.9,150436.0,星期二,-0.0025,0.0291
2019-08-26,7.64,7.92,7.95,7.61,118632.0,星期一,-0.0205,0.0366
2019-08-23,7.82,7.8,7.88,7.74,52930.0,星期五,-0.0026,-0.0026
2019-08-22,7.87,7.84,7.91,7.77,59056.0,星期四,-0.0038,-0.0038
2019-08-21,7.74,7.9,8.0,7.7,117459.0,星期三,-0.0051,0.0207
2019-08-20,7.88,7.78,7.97,7.73,121887.0,星期二,0.0142,-0.0127
2019-08-19,7.52,7.77,7.77,7.52,99071.0,星期一,0.0067,0.0332
2019-08-16,7.46,7.47,7.53,7.41,54990.0,星期五,0.0067,0.0013
2019-08-15,7.27,7.41,7.44,7.17,52139.0,星期四,-0.0189,0.0193
2019-08-14,7.51,7.41,7.55,7.39,50375.0,星期三,0.0176,-0.0133
2019-08-13,7.42,7.38,7.43,7.35,32664.0,星期二,-0.0054,-0.0054
2019-08-12,7.34,7.46,7.47,7.33,39814.0,星期一,0.0027,0.0163
2019-08-09,7.62,7.32,7.63,7.31,60659.0,星期五,0.0079,-0.0394
2019-08-08,7.55,7.56,7.63,7.51,35631.0,星期四,0.004,0.0013
2019-08-07,7.65,7.52,7.72,7.49,43215.0,星期三,-0.0103,-0.017
2019-08-06,7.89,7.73,7.89,7.45,104062.0,星期二,-0.0199,-0.0203
2019-08-05,8.15,8.05,8.18,8.01,57381.0,星期一,0.0,-0.0123
2019-08-02,8.21,8.15,8.26,8.09,78377.0,星期五,-0.0156,-0.0073
2019-08-01,8.32,8.34,8.41,8.28,51763.0,星期四,-0.0048,0.0024
2019-07-31,8.38,8.36,8.42,8.33,46490.0,星期三,0.0,-0.0024
2019-07-30,8.34,8.38,8.44,8.33,58099.0,星期二,0.0,0.0048
2019-07-29,8.37,8.34,8.42,8.31,34820.0,星期一,0.0012,-0.0036
2019-07-26,8.38,8.36,8.4,8.32,49560.0,星期五,-0.0036,-0.0024
2019-07-25,8.36,8.41,8.49,8.35,55117.0,星期四,-0.0012,0.006
2019-07-24,8.27,8.37,8.43,8.27,61990.0,星期三,0.0012,0.0121
2019-07-23,8.16,8.26,8.26,8.14,44333.0,星期二,0.0,0.0123
2019-07-22,8.49,8.16,8.5,8.16,94404.0,星期一,0.0,-0.0389
2019-07-19,8.49,8.49,8.64,8.47,71600.0,星期五,0.0083,0.0
2019-07-18,8.58,8.42,8.58,8.41,65022.0,星期四,-0.0023,-0.0186
2019-07-17,8.54,8.6,8.7,8.52,84631.0,星期三,-0.0012,0.007
2019-07-16,8.61,8.55,8.62,8.51,47867.0,星期二,0.0047,-0.007
2019-07-15,8.47,8.57,8.61,8.33,67267.0,星期一,0.0,0.0118
2019-07-12,8.43,8.47,8.55,8.39,61818.0,星期五,0.0012,0.0047
2019-07-11,8.5,8.42,8.57,8.36,72095.0,星期四,0.0047,-0.0094
2019-07-10,8.66,8.46,8.67,8.41,79754.0,星期三,0.0046,-0.0231
2019-07-09,8.53,8.62,8.67,8.53,68291.0,星期二,-0.0081,0.0106
2019-07-08,9.0,8.6,9.01,8.6,131363.0,星期一,-0.0055,-0.0444
2019-07-05,9.1,9.05,9.12,8.95,78556.0,星期五,0.0022,-0.0055
2019-07-04,9.07,9.08,9.22,9.0,123871.0,星期四,0.0055,0.0011
2019-07-03,9.2,9.02,9.22,8.95,139093.0,星期三,0.0011,-0.0196
2019-07-02,9.27,9.19,9.3,9.15,214005.0,星期二,-0.0043,-0.0086
2019-07-01,9.11,9.31,9.37,9.06,309804.0,星期一,0.0271,0.022
2019-06-28,9.1,8.87,9.14,8.85,153637.0,星期五,-0.0044,-0.0253
2019-06-27,9.13,9.14,9.24,9.08,132812.0,星期四,0.0011,0.0011
2019-06-26,9.13,9.12,9.18,9.04,119793.0,星期三,-0.0098,-0.0011
2019-06-25,9.23,9.22,9.28,9.0,199238.0,星期二,-0.0032,-0.0011
2019-06-24,9.36,9.26,9.38,9.15,216209.0,星期一,0.0,-0.0107
2019-06-21,9.15,9.36,9.45,9.0,406283.0,星期五,0.011,0.023
2019-06-20,8.76,9.05,9.06,8.7,235178.0,星期四,-0.0011,0.0331
2019-06-19,8.72,8.77,8.89,8.7,144103.0,星期三,0.0211,0.0057
2019-06-18,8.65,8.54,8.65,8.5,59384.0,星期二,0.0035,-0.0127
2019-06-17,8.63,8.62,8.71,8.48,65528.0,星期一,0.0,-0.0012
2019-06-14,8.93,8.63,8.95,8.61,143231.0,星期五,-0.0056,-0.0336
2019-06-13,8.76,8.98,9.06,8.71,228864.0,星期四,0.0011,0.0251
2019-06-12,8.72,8.75,8.95,8.7,137980.0,星期三,-0.0034,0.0034
2019-06-11,8.4,8.75,8.75,8.4,147441.0,星期二,0.0024,0.0417
2019-06-10,8.31,8.38,8.44,8.31,63440.0,星期一,0.0,0.0084
2019-06-06,8.6,8.31,8.61,8.26,111744.0,星期四,0.0047,-0.0337
2019-06-05,8.67,8.56,8.7,8.52,79253.0,星期三,0.014,-0.0127
2019-06-04,8.83,8.55,8.87,8.5,136340.0,星期二,-0.0034,-0.0317
2019-06-03,8.88,8.86,8.99,8.8,130100.0,星期一,0.0023,-0.0023
2019-05-31,8.97,8.86,9.03,8.83,131048.0,星期五,-0.0033,-0.0123
2019-05-30,8.95,9.0,9.09,8.85,154423.0,星期四,-0.0121,0.0056
2019-05-29,8.99,9.06,9.2,8.92,194326.0,星期三,0.0,0.0078
2019-05-28,8.95,8.99,9.32,8.92,309447.0,星期二,0.0022,0.0045
2019-05-27,8.7,8.93,8.95,8.65,150082.0,星期一,0.0058,0.0264
2019-05-24,8.7,8.65,8.88,8.47,139706.0,星期五,-0.0068,-0.0057
2019-05-23,8.77,8.76,9.01,8.68,164563.0,星期四,-0.0113,-0.0011
2019-05-22,8.97,8.87,9.1,8.76,219936.0,星期三,-0.0077,-0.0111
2019-05-21,8.59,9.04,9.05,8.56,281644.0,星期二,0.0035,0.0524
2019-05-20,8.68,8.56,8.75,8.29,135382.0,星期一,-0.0023,-0.0138
2019-05-17,9.08,8.7,9.12,8.67,236389.0,星期五,-0.0087,-0.0419
2019-05-16,8.97,9.16,9.23,8.9,229785.0,星期四,-0.0066,0.0212
2019-05-15,8.91,9.03,9.09,8.88,217758.0,星期三,0.0091,0.0135
2019-05-14,8.6,8.83,9.05,8.58,248817.0,星期二,-0.0126,0.0267
2019-05-13,8.65,8.71,8.76,8.58,164428.0,星期一,-0.0159,0.0069
2019-05-10,8.54,8.79,8.87,8.26,256171.0,星期五,0.0143,0.0293
2019-05-09,8.5,8.42,8.66,8.41,131110.0,星期四,-0.0116,-0.0094
2019-05-08,8.4,8.6,8.8,8.22,195454.0,星期三,-0.0278,0.0238
2019-05-07,8.65,8.64,8.82,8.41,225803.0,星期二,0.0129,-0.0012
2019-05-06,9.0,8.54,9.15,8.54,318941.0,星期一,-0.0516,-0.0511
2019-04-30,9.25,9.49,9.68,9.23,198298.0,星期二,-0.0201,0.0259
2019-04-29,10.0,9.44,10.14,9.38,299198.0,星期一,0.001,-0.056
2019-04-26,10.18,9.99,10.37,9.99,252793.0,星期五,-0.0097,-0.0187
2019-04-25,11.27,10.28,11.27,10.22,553278.0,星期四,-0.007,-0.0878
2019-04-24,11.15,11.35,11.45,10.95,382037.0,星期三,0.0036,0.0179
2019-04-23,11.44,11.11,11.44,10.91,497727.0,星期二,-0.0155,-0.0288
2019-04-22,11.35,11.62,12.0,11.17,696222.0,星期一,0.0053,0.0238
2019-04-19,11.38,11.29,11.53,11.0,506957.0,星期五,-0.0052,-0.0079
2019-04-18,11.69,11.44,11.77,11.33,722492.0,星期四,-0.0135,-0.0214
2019-04-17,11.59,11.85,12.35,11.45,1254357.0,星期三,0.0158,0.0224
2019-04-16,10.41,11.41,11.41,10.27,956102.0,星期二,0.0039,0.0961
2019-04-15,10.63,10.37,10.69,10.36,299365.0,星期一,0.0076,-0.0245
2019-04-12,10.21,10.55,10.65,10.21,318338.0,星期五,-0.0039,0.0333
2019-04-11,10.75,10.25,10.88,10.22,384856.0,星期四,-0.0065,-0.0465
2019-04-10,11.04,10.82,11.09,10.72,446592.0,星期三,-0.0213,-0.0199
2019-04-09,10.76,11.28,11.38,10.61,696434.0,星期二,-0.0101,0.0483
2019-04-08,11.2,10.87,11.2,10.53,621271.0,星期一,-0.0018,-0.0295
2019-04-04,10.56,11.22,11.3,10.39,924345.0,星期四,0.0009,0.0625
2019-04-03,10.47,10.55,10.67,10.26,481017.0,星期三,-0.0019,0.0076
2019-04-02,10.4,10.49,10.89,10.26,743250.0,星期二,-0.001,0.0087
2019-04-01,10.13,10.41,10.66,10.06,584054.0,星期一,0.0191,0.0276
2019-03-29,9.78,9.94,9.95,9.45,378821.0,星期五,0.0072,0.0164
2019-03-28,10.08,9.71,10.15,9.61,479532.0,星期四,-0.0214,-0.0367
2019-03-27,10.43,10.3,10.5,10.04,466893.0,星期三,0.0388,-0.0125
2019-03-26,10.24,10.04,10.6,10.0,517040.0,星期二,0.0049,-0.0195
2019-03-25,10.32,10.19,10.55,10.13,569291.0,星期一,-0.0391,-0.0126
2019-03-22,10.86,10.74,11.11,10.41,896521.0,星期五,-0.0055,-0.011
2019-03-21,10.69,10.92,11.55,10.53,1151526.0,星期四,0.0181,0.0215
2019-03-20,10.47,10.5,11.24,10.32,1037645.0,星期三,-0.0242,0.0029
2019-03-19,9.78,10.73,10.97,9.7,1269816.0,星期二,-0.0412,0.0971
2019-03-18,10.71,10.2,10.71,9.97,1426009.0,星期一,0.0996,-0.0476
2019-03-15,8.91,9.74,9.74,8.91,356636.0,星期五,0.0068,0.0932
2019-03-14,9.47,8.85,9.47,8.63,538333.0,星期四,0.0,-0.0655
2019-03-13,9.2,9.47,9.95,9.18,773046.0,星期三,-0.0054,0.0293
2019-03-12,8.9,9.25,9.58,8.83,727749.0,星期二,0.0011,0.0393
2019-03-11,8.42,8.89,8.89,8.42,470552.0,星期一,0.0231,0.0558
2019-03-08,8.6,8.23,8.72,8.21,364668.0,星期五,-0.0227,-0.043
2019-03-07,8.69,8.8,8.94,8.66,373689.0,星期四,-0.0069,0.0127
2019-03-06,8.78,8.75,8.84,8.55,384057.0,星期三,-0.0011,-0.0034
2019-03-05,8.48,8.79,8.85,8.41,411901.0,星期二,0.0024,0.0366
2019-03-04,8.4,8.46,8.66,8.38,310270.0,星期一,0.0072,0.0071
2019-03-01,8.31,8.34,8.42,8.22,173235.0,星期五,0.0024,0.0036
2019-02-28,8.5,8.29,8.54,8.21,262178.0,星期四,-0.0058,-0.0247
2019-02-27,8.52,8.55,8.76,8.33,351008.0,星期三,0.0012,0.0035
2019-02-26,8.5,8.51,9.03,8.36,508869.0,星期二,-0.0162,0.0012
2019-02-25,8.35,8.64,8.72,8.22,470269.0,星期一,0.0171,0.0347
2019-02-22,7.98,8.21,8.25,7.95,318807.0,星期五,-0.0062,0.0288
2019-02-21,8.0,8.03,8.23,7.94,294747.0,星期四,-0.0012,0.0037
2019-02-20,8.08,8.01,8.17,7.92,257307.0,星期三,-0.0134,-0.0087
2019-02-19,7.93,8.19,8.28,7.79,455357.0,星期二,0.0102,0.0328
2019-02-18,7.65,7.85,7.88,7.65,234403.0,星期一,0.0079,0.0261
2019-02-15,7.62,7.59,7.74,7.58,148499.0,星期五,-0.0065,-0.0039
2019-02-14,7.59,7.67,7.86,7.56,201929.0,星期四,-0.0026,0.0105
2019-02-13,7.51,7.61,7.63,7.45,162139.0,星期三,0.0027,0.0133
2019-02-12,7.4,7.49,7.52,7.38,105124.0,星期二,0.0014,0.0122
2019-02-11,7.24,7.39,7.43,7.21,89944.0,星期一,0.0,0.0207
2019-02-01,7.11,7.24,7.26,7.08,68108.0,星期五,0.0114,0.0183
2019-01-31,7.14,7.03,7.2,6.98,85815.0,星期四,0.0071,-0.0154
2019-01-30,7.12,7.09,7.26,7.08,85503.0,星期三,-0.0152,-0.0042
2019-01-29,7.56,7.23,7.58,6.98,203642.0,星期二,-0.004,-0.0437
2019-01-28,7.68,7.59,7.75,7.57,150521.0,星期一,0.0,-0.0117
2019-01-25,7.77,7.68,7.95,7.67,253079.0,星期五,0.0157,-0.0116
2019-01-24,7.7,7.65,7.73,7.56,179557.0,星期四,-0.0103,-0.0065
2019-01-23,7.6,7.78,7.9,7.6,279016.0,星期三,0.0106,0.0237
2019-01-22,7.57,7.52,7.65,7.5,100295.0,星期二,-0.0026,-0.0066
2019-01-21,7.65,7.59,7.69,7.52,128887.0,星期一,0.0039,-0.0078
2019-01-18,7.79,7.62,7.85,7.55,229197.0,星期五,-0.0114,-0.0218
2019-01-17,7.73,7.88,8.03,7.63,317586.0,星期四,0.0,0.0194
2019-01-16,7.81,7.73,7.99,7.71,270549.0,星期三,-0.0051,-0.0102
2019-01-15,7.75,7.85,7.86,7.67,221746.0,星期二,-0.0177,0.0129
2019-01-14,7.71,7.89,8.16,7.63,379827.0,星期一,-0.0052,0.0233
2019-01-11,7.37,7.75,7.83,7.32,358084.0,星期五,0.0,0.0516
2019-01-10,7.45,7.37,7.51,7.32,149564.0,星期四,0.0013,-0.0107
2019-01-09,7.43,7.44,7.63,7.37,186012.0,星期三,0.0,0.0013
2019-01-08,7.35,7.43,7.48,7.34,128880.0,星期二,-0.0041,0.0109
2019-01-07,7.26,7.38,7.45,7.26,146173.0,星期一,0.0,0.0165
2019-01-04,7.0,7.26,7.29,6.95,120035.0,星期五,-0.0127,0.0371
2019-01-03,7.2,7.09,7.31,7.01,116527.0,星期四,-0.0028,-0.0153
2019-01-02,7.32,7.22,7.37,7.18,86904.0,星期三,0.0238,-0.0137
2018-12-28,7.13,7.15,7.26,7.11,98849.0,星期五,0.0014,0.0028
2018-12-27,7.5,7.12,7.52,7.09,179652.0,星期四,0.0067,-0.0507
2018-12-26,7.24,7.45,7.58,7.13,204318.0,星期三,0.0,0.029
2018-12-25,7.22,7.24,7.32,6.99,140697.0,星期二,-0.0123,0.0028
2018-12-24,7.22,7.31,7.34,7.22,85561.0,星期一,-0.0055,0.0125
2018-12-21,7.4,7.26,7.5,7.2,153874.0,星期五,-0.0186,-0.0189
2018-12-20,7.42,7.54,7.63,7.38,175492.0,星期四,0.0,0.0162
2018-12-19,7.56,7.42,7.59,7.42,140562.0,星期三,-0.004,-0.0185
2018-12-18,7.71,7.59,7.72,7.42,266037.0,星期二,-0.0026,-0.0156
2018-12-17,7.16,7.73,7.86,7.11,378047.0,星期一,-0.0069,0.0796
2018-12-14,7.42,7.21,7.6,7.2,157496.0,星期五,-0.0013,-0.0283
2018-12-13,7.43,7.43,7.55,7.32,174711.0,星期四,-0.0093,0.0
2018-12-12,7.18,7.5,7.58,7.13,282471.0,星期三,0.0042,0.0446
2018-12-11,7.09,7.15,7.18,7.07,64373.0,星期二,0.0028,0.0085
2018-12-10,7.09,7.07,7.14,7.0,77876.0,星期一,-0.0098,-0.0028
2018-12-07,7.15,7.16,7.2,7.09,80095.0,星期五,0.007,0.0014
2018-12-06,7.23,7.1,7.31,7.08,131290.0,星期四,-0.0014,-0.018
2018-12-05,7.15,7.24,7.27,7.1,184906.0,星期三,-0.0441,0.0126
2018-12-04,7.37,7.48,7.6,7.33,185287.0,星期二,0.0,0.0149
2018-12-03,7.48,7.37,7.57,7.37,217959.0,星期一,0.0317,-0.0147
2018-11-30,7.25,7.25,7.29,7.09,144231.0,星期五,0.0069,0.0
2018-11-29,7.48,7.2,7.6,7.07,202950.0,星期四,0.004,-0.0374
2018-11-28,7.57,7.45,7.58,7.15,223755.0,星期三,-0.0066,-0.0159
2018-11-27,7.68,7.62,7.74,7.43,169749.0,星期二,0.0119,-0.0078
2018-11-26,7.5,7.59,7.69,7.46,196686.0,星期一,0.004,0.012
2018-11-23,7.97,7.47,7.97,7.38,444247.0,星期五,-0.028,-0.0627
2018-11-22,8.3,8.2,8.5,8.04,371753.0,星期四,-0.0095,-0.012
2018-11-21,8.04,8.38,8.73,8.04,464357.0,星期三,-0.0086,0.0423
2018-11-20,8.5,8.11,8.68,8.09,521473.0,星期二,-0.0428,-0.0459
2018-11-19,8.7,8.88,9.13,8.25,984632.0,星期一,0.0369,0.0207
2018-11-16,7.88,8.39,8.39,7.59,704886.0,星期五,0.0328,0.0647
2018-11-15,7.33,7.63,7.75,7.21,411326.0,星期四,0.0014,0.0409
2018-11-14,7.08,7.32,7.68,7.0,363833.0,星期三,-0.0084,0.0339
2018-11-13,6.97,7.14,7.3,6.94,249585.0,星期二,-0.0211,0.0244
2018-11-12,6.89,7.12,7.2,6.85,205274.0,星期一,-0.0282,0.0334
2018-11-09,7.36,7.09,7.42,7.05,358616.0,星期五,-0.0014,-0.0367
2018-11-08,6.73,7.37,7.37,6.64,302728.0,星期四,0.0045,0.0951
2018-11-07,6.9,6.7,7.04,6.65,198311.0,星期三,-0.0072,-0.029
2018-11-06,7.0,6.95,7.14,6.8,309579.0,星期二,0.0479,-0.0071
2018-11-05,6.37,6.68,6.78,6.31,182897.0,星期一,0.0,0.0487
2018-11-02,6.25,6.37,6.41,6.25,92980.0,星期五,0.0097,0.0192
2018-11-01,6.16,6.19,6.31,6.14,95321.0,星期四,0.0033,0.0049
2018-10-31,6.03,6.14,6.21,6.02,59894.0,星期三,-0.0033,0.0182
2018-10-30,5.98,6.05,6.07,5.8,42949.0,星期二,0.0017,0.0117
2018-10-29,6.08,5.97,6.11,5.91,40359.0,星期一,-0.0049,-0.0181
2018-10-26,6.05,6.11,6.18,6.05,47099.0,星期五,0.0083,0.0099
2018-10-25,5.85,6.0,6.02,5.8,36090.0,星期四,-0.0299,0.0256
2018-10-24,5.97,6.03,6.1,5.97,34621.0,星期三,-0.005,0.0101
2018-10-23,6.21,6.0,6.21,5.95,56714.0,星期二,0.0065,-0.0338
2018-10-22,5.87,6.17,6.26,5.85,87682.0,星期一,0.0086,0.0511
2018-10-19,5.62,5.82,5.85,5.58,41154.0,星期五,-0.0175,0.0356
2018-10-18,5.79,5.72,5.84,5.71,40424.0,星期四,-0.0069,-0.0121
2018-10-17,5.8,5.83,5.88,5.7,46223.0,星期三,0.0158,0.0052
2018-10-16,5.98,5.71,6.05,5.65,56649.0,星期二,0.005,-0.0452
2018-10-15,6.01,5.95,6.14,5.9,38479.0,星期一,0.0,-0.01
2018-10-12,6.27,6.01,6.3,5.8,80291.0,星期五,-0.0063,-0.0415
2018-10-11,6.8,6.31,6.8,6.31,110782.0,星期四,-0.03,-0.0721
2018-10-10,7.03,7.01,7.05,6.96,24541.0,星期三,0.0029,-0.0028
2018-10-09,6.99,7.01,7.04,6.96,21434.0,星期二,0.0058,0.0029
2018-10-08,7.1,6.95,7.1,6.94,46538.0,星期一,-0.0056,-0.0211
2018-09-28,7.1,7.14,7.16,7.1,28501.0,星期五,0.0028,0.0056
2018-09-27,7.24,7.08,7.26,7.08,42195.0,星期四,0.0014,-0.0221
2018-09-26,7.22,7.23,7.29,7.21,40054.0,星期三,0.0,0.0014
2018-09-25,7.26,7.22,7.26,7.2,33582.0,星期二,-0.0055,-0.0055
2018-09-21,7.25,7.3,7.31,7.21,51542.0,星期五,0.0028,0.0069
2018-09-20,7.26,7.23,7.29,7.21,45420.0,星期四,-0.0027,-0.0041
2018-09-19,7.24,7.28,7.34,7.2,62817.0,星期三,0.0014,0.0055
2018-09-18,7.01,7.23,7.24,7.01,48755.0,星期二,-0.0085,0.0314
2018-09-17,7.19,7.07,7.22,7.04,38697.0,星期一,-0.0055,-0.0167
2018-09-14,7.26,7.23,7.28,7.21,27671.0,星期五,0.0028,-0.0041
2018-09-13,7.27,7.24,7.28,7.16,29013.0,星期四,0.0097,-0.0041
2018-09-12,7.23,7.2,7.24,7.17,23922.0,星期三,0.0028,-0.0041
2018-09-11,7.2,7.21,7.28,7.18,29673.0,星期二,0.0,0.0014
2018-09-10,7.32,7.2,7.37,7.17,35952.0,星期一,0.0041,-0.0164
2018-09-07,7.35,7.29,7.41,7.27,40769.0,星期五,0.0027,-0.0082
2018-09-06,7.35,7.33,7.42,7.31,29459.0,星期四,0.0,-0.0027
2018-09-05,7.46,7.35,7.52,7.35,33573.0,星期三,-0.004,-0.0147
2018-09-04,7.44,7.49,7.52,7.39,30688.0,星期二,0.0,0.0067
2018-09-03,7.42,7.44,7.47,7.33,43546.0,星期一,-0.008,0.0027
2018-08-31,7.53,7.48,7.57,7.45,41533.0,星期五,-0.0053,-0.0066
2018-08-30,7.77,7.57,7.82,7.54,53960.0,星期四,0.0091,-0.0257
2018-08-29,7.66,7.7,7.77,7.63,65574.0,星期三,-0.0026,0.0052
2018-08-28,7.68,7.68,7.72,7.62,62789.0,星期二,-0.0039,0.0
2018-08-27,7.59,7.71,7.74,7.57,88518.0,星期一,-0.0013,0.0158
2018-08-24,7.48,7.6,7.61,7.44,51288.0,星期五,0.0,0.016
2018-08-23,7.43,7.48,7.52,7.43,27937.0,星期四,-0.004,0.0067
2018-08-22,7.57,7.46,7.57,7.45,34097.0,星期三,-0.0013,-0.0145
2018-08-21,7.5,7.58,7.61,7.45,48653.0,星期二,0.004,0.0107
2018-08-20,7.41,7.47,7.48,7.35,43442.0,星期一,0.0027,0.0081
2018-08-17,7.62,7.39,7.68,7.38,58616.0,星期五,0.0066,-0.0302
2018-08-16,7.53,7.57,7.68,7.44,58958.0,星期四,-0.0157,0.0053
2018-08-15,7.77,7.65,7.9,7.63,79363.0,星期三,-0.0026,-0.0154
2018-08-14,7.8,7.79,7.85,7.73,61557.0,星期二,-0.0064,-0.0013
2018-08-13,7.65,7.85,7.86,7.59,85014.0,星期一,-0.0129,0.0261
2018-08-10,7.73,7.75,7.81,7.68,70171.0,星期五,0.0013,0.0026
2018-08-09,7.6,7.72,7.89,7.51,122800.0,星期四,-0.0168,0.0158
2018-08-08,7.8,7.73,7.86,7.71,83002.0,星期三,-0.0013,-0.009
2018-08-07,7.6,7.81,7.83,7.54,92223.0,星期二,0.0066,0.0276
2018-08-06,7.57,7.55,7.7,7.48,55399.0,星期一,-0.0026,-0.0026
2018-08-03,7.71,7.59,7.77,7.56,64719.0,星期五,-0.0013,-0.0156
2018-08-02,7.94,7.72,7.95,7.46,145532.0,星期四,-0.0075,-0.0277
2018-08-01,7.95,8.0,8.15,7.93,160996.0,星期三,-0.0013,0.0063
2018-07-31,7.82,7.96,8.19,7.82,141210.0,星期二,-0.0051,0.0179
2018-07-30,7.86,7.86,7.96,7.8,62172.0,星期一,0.0,0.0
2018-07-27,7.96,7.86,7.96,7.84,58502.0,星期五,-0.0025,-0.0126
2018-07-26,7.94,7.98,8.01,7.89,90109.0,星期四,0.0,0.005
2018-07-25,7.96,7.94,8.18,7.92,122758.0,星期三,-0.0087,-0.0025
2018-07-24,7.83,8.03,8.03,7.75,221100.0,星期二,0.0142,0.0255
2018-07-23,7.56,7.72,7.74,7.52,91268.0,星期一,-0.0066,0.0212
2018-07-20,7.53,7.61,7.65,7.33,85753.0,星期五,-0.0013,0.0106
2018-07-19,7.53,7.54,7.65,7.49,59640.0,星期四,-0.004,0.0013
2018-07-18,7.62,7.56,7.85,7.55,126285.0,星期三,0.004,-0.0079
2018-07-17,7.58,7.59,7.6,7.45,55996.0,星期二,-0.0013,0.0013
2018-07-16,7.52,7.59,7.65,7.51,72187.0,星期一,-0.004,0.0093
2018-07-13,7.52,7.55,7.6,7.49,72554.0,星期五,-0.0027,0.004
2018-07-12,7.34,7.54,7.57,7.31,89199.0,星期四,0.0041,0.0272
2018-07-11,7.45,7.31,7.45,7.19,77244.0,星期三,-0.0119,-0.0188
2018-07-10,7.5,7.54,7.58,7.47,74069.0,星期二,0.0027,0.0053
2018-07-09,7.35,7.48,7.5,7.35,71601.0,星期一,0.0068,0.0177
2018-07-06,7.22,7.3,7.37,7.09,71807.0,星期五,0.0056,0.0111
2018-07-05,7.41,7.18,7.45,7.17,52051.0,星期四,0.0,-0.031
2018-07-04,7.5,7.41,7.52,7.37,64381.0,星期三,-0.0106,-0.012
2018-07-03,7.42,7.58,7.58,7.37,98419.0,星期二,0.0054,0.0216
2018-07-02,7.51,7.38,7.52,7.33,67504.0,星期一,-0.0027,-0.0173
2018-06-29,7.29,7.53,7.59,7.29,86294.0,星期五,0.0028,0.0329
2018-06-28,7.35,7.27,7.44,7.23,44280.0,星期四,0.0,-0.0109
2018-06-27,7.4,7.35,7.44,7.31,50546.0,星期三,-0.0027,-0.0068
2018-06-26,7.19,7.42,7.46,7.11,57150.0,星期二,-0.0151,0.032
2018-06-25,7.44,7.3,7.45,7.26,59424.0,星期一,0.015,-0.0188
2018-06-22,7.05,7.33,7.34,7.05,61200.0,星期五,-0.0235,0.0397
2018-06-21,7.34,7.22,7.42,7.14,66731.0,星期四,0.0,-0.0163
2018-06-20,7.16,7.34,7.43,7.1,83450.0,星期三,0.0014,0.0251
2018-06-19,7.8,7.15,7.83,7.09,140425.0,星期二,-0.0102,-0.0833
2018-06-15,8.08,7.88,8.13,7.81,87229.0,星期五,0.0012,-0.0248
2018-06-14,8.01,8.07,8.16,8.0,50397.0,星期四,-0.0025,0.0075
2018-06-13,8.16,8.03,8.19,8.02,57569.0,星期三,-0.0073,-0.0159
2018-06-12,8.18,8.22,8.24,7.96,69705.0,星期二,0.0,0.0049
2018-06-11,8.19,8.18,8.25,8.12,50158.0,星期一,0.0024,-0.0012
2018-06-08,8.35,8.17,8.35,8.1,102774.0,星期五,-0.0024,-0.0216
2018-06-07,8.6,8.37,8.61,8.35,75706.0,星期四,0.007,-0.0267
2018-06-06,8.58,8.54,8.62,8.49,66887.0,星期三,-0.0023,-0.0047
2018-06-05,8.47,8.6,8.61,8.42,73479.0,星期二,0.0047,0.0153
2018-06-04,8.45,8.43,8.52,8.41,59985.0,星期一,0.006,-0.0024
2018-06-01,8.43,8.4,8.54,8.27,89429.0,星期五,-0.0094,-0.0036
2018-05-31,8.46,8.51,8.56,8.41,88834.0,星期四,0.012,0.0059
2018-05-30,8.81,8.36,8.82,8.35,225665.0,星期三,-0.0222,-0.0511
2018-05-29,9.27,9.01,9.27,9.0,243780.0,星期二,-0.0075,-0.028
2018-05-28,9.25,9.34,9.48,9.18,324278.0,星期一,0.0065,0.0097
2018-05-25,9.15,9.19,9.25,9.1,157362.0,星期五,0.0011,0.0044
2018-05-24,9.06,9.14,9.24,9.04,117959.0,星期四,0.0011,0.0088
2018-05-23,9.21,9.05,9.24,9.04,153933.0,星期三,-0.0075,-0.0174
2018-05-22,9.18,9.28,9.35,9.07,228734.0,星期二,0.0044,0.0109
2018-05-21,9.09,9.14,9.19,9.06,131635.0,星期一,0.0078,0.0055
2018-05-18,8.94,9.02,9.03,8.84,113298.0,星期五,0.0022,0.0089
2018-05-17,9.04,8.92,9.08,8.9,117612.0,星期四,0.0022,-0.0133
2018-05-16,9.23,9.02,9.25,9.0,146756.0,星期三,-0.0011,-0.0228
2018-05-15,9.15,9.24,9.25,9.05,125513.0,星期二,-0.0011,0.0098
2018-05-14,9.26,9.16,9.26,9.11,113962.0,星期一,0.0033,-0.0108
2018-05-11,9.35,9.23,9.37,9.17,195234.0,星期五,-0.0064,-0.0128
2018-05-10,9.13,9.41,9.45,9.09,346947.0,星期四,0.0,0.0307
2018-05-09,9.18,9.13,9.25,9.04,140261.0,星期三,-0.0022,-0.0054
2018-05-08,9.15,9.2,9.33,9.13,193863.0,星期二,-0.0033,0.0055
2018-05-07,9.0,9.18,9.23,9.0,206279.0,星期一,0.0056,0.02
2018-05-04,9.08,8.95,9.08,8.94,128152.0,星期五,-0.0055,-0.0143
2018-05-03,8.84,9.13,9.15,8.8,200549.0,星期四,0.0011,0.0328
2018-05-02,8.85,8.83,8.94,8.78,118162.0,星期三,0.0172,-0.0023
2018-04-27,9.0,8.7,9.06,8.65,177133.0,星期五,0.009,-0.0333
2018-04-26,9.11,8.92,9.38,8.85,311315.0,星期四,-0.0298,-0.0209
2018-04-25,8.94,9.39,9.88,8.91,526645.0,星期三,-0.0111,0.0503
2018-04-24,8.83,9.04,9.08,8.72,225423.0,星期二,-0.0123,0.0238
2018-04-23,9.11,8.94,9.27,8.8,287552.0,星期一,0.0236,-0.0187
2018-04-20,8.71,8.9,8.92,8.61,233294.0,星期五,-0.0046,0.0218
2018-04-19,8.47,8.75,8.97,8.47,168069.0,星期四,-0.007,0.0331
2018-04-18,8.35,8.53,8.55,8.2,104053.0,星期三,0.0072,0.0216
2018-04-17,8.57,8.29,8.63,8.27,92849.0,星期二,0.0047,-0.0327
2018-04-16,8.65,8.53,8.68,8.4,97932.0,星期一,-0.0023,-0.0139
2018-04-13,8.67,8.67,8.78,8.66,76301.0,星期五,0.0046,0.0
2018-04-12,8.78,8.63,8.85,8.62,108581.0,星期四,-0.0045,-0.0171
2018-04-11,8.86,8.82,8.93,8.78,117909.0,星期三,0.0057,-0.0045
2018-04-10,8.7,8.81,8.87,8.7,108898.0,星期二,-0.0023,0.0126
2018-04-09,8.72,8.72,8.82,8.57,115774.0,星期一,-0.0125,0.0
2018-04-04,8.96,8.83,9.08,8.75,145411.0,星期三,0.0079,-0.0145
2018-04-03,8.96,8.89,9.03,8.75,188901.0,星期二,-0.0218,-0.0078
2018-04-02,8.93,9.16,9.19,8.91,288540.0,星期一,-0.0143,0.0258
2018-03-30,8.85,9.06,9.39,8.85,355730.0,星期五,0.0279,0.0237
2018-03-29,8.56,8.61,8.74,8.48,160764.0,星期四,-0.0023,0.0058
2018-03-28,8.24,8.58,8.83,8.21,235984.0,星期三,-0.0144,0.0413
2018-03-27,8.19,8.36,8.47,8.19,133880.0,星期二,0.0037,0.0208
2018-03-26,7.78,8.16,8.24,7.7,125128.0,星期一,-0.0238,0.0488
2018-03-23,8.5,7.97,8.57,7.96,232085.0,星期五,-0.0385,-0.0624
2018-03-22,8.82,8.84,8.93,8.76,100534.0,星期四,-0.0011,0.0023
2018-03-21,8.9,8.83,9.05,8.77,134410.0,星期三,-0.0045,-0.0079
2018-03-20,8.9,8.94,9.06,8.74,145040.0,星期二,-0.01,0.0045
2018-03-19,9.02,8.99,9.08,8.9,103105.0,星期一,-0.0044,-0.0033
2018-03-16,9.06,9.06,9.25,8.98,163702.0,星期五,0.0,0.0
2018-03-15,8.98,9.06,9.18,8.87,147200.0,星期四,-0.0022,0.0089
2018-03-14,9.12,9.0,9.2,8.96,123285.0,星期三,-0.0022,-0.0132
2018-03-13,9.21,9.14,9.26,9.03,171690.0,星期二,-0.0054,-0.0076
2018-03-12,9.23,9.26,9.32,9.19,204472.0,星期一,0.0,0.0033
2018-03-09,9.24,9.23,9.4,9.13,352907.0,星期五,-0.017,-0.0011
2018-03-08,8.76,9.4,9.59,8.71,469741.0,星期四,0.0,0.0731
2018-03-07,8.96,8.76,8.97,8.74,140875.0,星期三,0.0022,-0.0223
2018-03-06,8.75,8.94,9.1,8.73,229542.0,星期二,-0.0023,0.0217
2018-03-05,8.79,8.77,8.85,8.69,130614.0,星期一,-0.009,-0.0023
2018-03-02,8.62,8.87,9.0,8.57,218445.0,星期五,-0.0103,0.029
2018-03-01,8.56,8.71,8.73,8.52,140281.0,星期四,-0.0093,0.0175
2018-02-28,8.5,8.64,8.73,8.36,149681.0,星期三,-0.0116,0.0165
2018-02-27,8.62,8.6,8.74,8.54,139093.0,星期二,-0.0103,-0.0023
2018-02-26,8.48,8.71,8.76,8.38,192776.0,星期一,0.0024,0.0271
2018-02-23,8.74,8.46,8.86,8.42,227144.0,星期五,0.043,-0.032
2018-02-22,8.14,8.38,8.42,8.07,153331.0,星期四,0.0124,0.0295
2018-02-14,7.96,8.04,8.06,7.6,79797.0,星期三,-0.0062,0.0101
2018-02-13,7.93,8.01,8.32,7.89,148156.0,星期二,0.0115,0.0101
2018-02-12,7.68,7.84,7.92,7.62,84551.0,星期一,0.0159,0.0208
2018-02-09,7.63,7.56,7.8,7.43,123529.0,星期五,-0.0451,-0.0092
2018-02-08,7.85,7.99,8.03,7.82,71924.0,星期四,-0.0076,0.0178
2018-02-07,8.29,7.91,8.31,7.45,162439.0,星期三,0.0285,-0.0458
2018-02-06,8.8,8.06,8.83,8.06,274096.0,星期二,-0.0168,-0.0841
2018-02-05,8.82,8.95,9.05,8.74,77636.0,星期一,-0.0145,0.0147
2018-02-02,8.9,8.95,9.0,8.67,93557.0,星期五,0.0056,0.0056
2018-02-01,8.97,8.85,9.15,8.76,131015.0,星期四,-0.0033,-0.0134
2018-01-31,9.3,9.0,9.3,9.0,165670.0,星期三,-0.0096,-0.0323
2018-01-30,9.85,9.39,9.9,9.23,244800.0,星期二,0.002,-0.0467
2018-01-29,10.16,9.83,10.17,9.74,257267.0,星期一,-0.002,-0.0325
2018-01-26,10.2,10.18,10.5,10.17,220833.0,星期五,-0.0087,-0.002
2018-01-25,10.55,10.29,10.65,10.28,274984.0,星期四,-0.0009,-0.0246
2018-01-24,10.3,10.56,10.63,10.16,337645.0,星期三,-0.0029,0.0252
2018-01-23,10.4,10.33,10.43,10.25,212639.0,星期二,-0.0076,-0.0067
2018-01-22,10.2,10.48,10.59,10.2,315149.0,星期一,-0.0078,0.0275
2018-01-19,9.99,10.28,10.49,9.88,367360.0,星期五,0.001,0.029
2018-01-18,9.88,9.98,9.99,9.81,138832.0,星期四,-0.003,0.0101
2018-01-17,10.01,9.91,10.16,9.7,202426.0,星期三,-0.0069,-0.01
2018-01-16,9.92,10.08,10.09,9.88,202216.0,星期二,0.002,0.0161
2018-01-15,10.29,9.9,10.35,9.89,263248.0,星期一,-0.0087,-0.0379
2018-01-12,10.12,10.38,10.62,10.09,407771.0,星期五,-0.0059,0.0257
2018-01-11,10.06,10.18,10.27,9.91,206355.0,星期四,-0.0049,0.0119
2018-01-10,10.33,10.11,10.33,10.0,206463.0,星期三,0.0088,-0.0213
2018-01-09,10.3,10.24,10.44,10.15,225293.0,星期二,-0.0068,-0.0058
2018-01-08,10.21,10.37,10.45,10.06,308872.0,星期一,-0.0116,0.0157
2018-01-05,10.23,10.33,10.58,10.23,401404.0,星期五,-0.0163,0.0098
2018-01-04,10.63,10.4,10.74,10.22,697942.0,星期四,-0.0009,-0.0216
2018-01-03,9.77,10.64,10.64,9.77,803517.0,星期三,0.0103,0.089
2018-01-02,9.61,9.67,9.74,9.51,193999.0,星期二,-0.0021,0.0062
2017-12-29,9.46,9.63,9.68,9.41,227558.0,星期五,0.0011,0.018
2017-12-28,9.28,9.45,9.47,9.28,157304.0,星期四,-0.0043,0.0183
2017-12-27,9.32,9.32,9.46,9.18,179160.0,星期三,0.0054,0.0
2017-12-26,9.14,9.27,9.28,9.06,138737.0,星期二,0.0044,0.0142
2017-12-25,9.57,9.1,9.58,9.04,193175.0,星期一,0.0084,-0.0491
2017-12-22,9.61,9.49,9.64,9.43,163372.0,星期五,0.0,-0.0125
2017-12-21,9.76,9.61,9.76,9.33,261967.0,星期四,-0.0031,-0.0154
2017-12-20,9.75,9.79,10.06,9.7,287822.0,星期三,0.0,0.0041
2017-12-19,9.75,9.75,9.89,9.65,226963.0,星期二,-0.0041,0.0
2017-12-18,9.8,9.79,9.86,9.52,369382.0,星期一,-0.0081,-0.001
2017-12-15,9.21,9.88,10.14,9.16,580028.0,星期五,-0.0065,0.0727
2017-12-14,9.22,9.27,9.3,9.14,194690.0,星期四,-0.0118,0.0054
2017-12-13,8.88,9.33,9.57,8.87,330012.0,星期三,-0.0067,0.0507
2017-12-12,9.11,8.94,9.18,8.83,179575.0,星期二,-0.0044,-0.0187
2017-12-11,8.92,9.15,9.16,8.92,159552.0,星期一,-0.0034,0.0258
2017-12-08,8.82,8.95,9.04,8.82,146341.0,星期五,0.0023,0.0147
2017-12-07,8.76,8.8,8.98,8.74,134641.0,星期四,-0.0113,0.0046
2017-12-06,8.52,8.86,8.89,8.43,217103.0,星期三,0.0024,0.0399
2017-12-05,8.82,8.5,8.98,8.4,219896.0,星期二,-0.0112,-0.0363
2017-12-04,9.31,8.92,9.36,8.8,194624.0,星期一,-0.0064,-0.0419
2017-12-01,9.21,9.37,9.39,9.18,142164.0,星期五,-0.0032,0.0174
2017-11-30,9.44,9.24,9.49,9.22,150832.0,星期四,-0.0063,-0.0212
2017-11-29,9.49,9.5,9.58,9.31,178923.0,星期三,-0.0084,0.0011
2017-11-28,9.36,9.57,9.58,9.3,196628.0,星期二,-0.0116,0.0224
2017-11-27,9.26,9.47,9.79,9.2,305613.0,星期一,0.0011,0.0227
2017-11-24,9.1,9.25,9.34,9.05,144007.0,星期五,-0.0109,0.0165
2017-11-23,9.41,9.2,9.63,9.15,210946.0,星期四,0.0011,-0.0223
2017-11-22,9.31,9.4,9.46,9.25,179826.0,星期三,0.0043,0.0097
2017-11-21,9.4,9.27,9.42,9.15,140108.0,星期二,-0.0011,-0.0138
2017-11-20,9.26,9.41,9.43,8.97,178712.0,星期一,-0.0064,0.0162
2017-11-17,10.16,9.32,10.16,9.18,345252.0,星期五,0.001,-0.0827
2017-11-16,10.46,10.15,10.49,10.11,201471.0,星期四,-0.0029,-0.0296
2017-11-15,10.8,10.49,10.89,10.45,234493.0,星期三,-0.0083,-0.0287
2017-11-14,10.66,10.89,11.05,10.57,372013.0,星期二,-0.0047,0.0216
2017-11-13,10.57,10.71,10.72,10.38,249485.0,星期一,0.0038,0.0132
2017-11-10,10.62,10.53,10.77,10.47,197445.0,星期五,-0.0056,-0.0085
2017-11-09,10.68,10.68,10.84,10.55,189159.0,星期四,-0.0028,0.0
2017-11-08,10.6,10.71,10.96,10.57,276031.0,星期三,-0.0038,0.0104
2017-11-07,10.62,10.64,10.79,10.53,221780.0,星期二,0.0047,0.0019
2017-11-06,10.5,10.57,10.62,10.21,236139.0,星期一,0.0174,0.0067
2017-11-03,10.91,10.32,10.96,10.08,317765.0,星期五,0.0037,-0.0541
2017-11-02,11.02,10.87,11.1,10.85,181660.0,星期四,0.0055,-0.0136
2017-11-01,11.05,10.96,11.19,10.88,200511.0,星期三,-0.0036,-0.0081
2017-10-31,10.71,11.09,11.1,10.7,204187.0,星期二,-0.0138,0.0355
2017-10-30,11.8,10.86,11.8,10.76,365336.0,星期一,-0.0117,-0.0797
2017-10-27,11.93,11.94,12.12,11.83,239078.0,星期五,0.0068,0.0008
2017-10-26,11.88,11.85,11.95,11.65,215466.0,星期四,0.0059,-0.0025
2017-10-25,11.9,11.81,11.96,11.62,198723.0,星期三,0.0085,-0.0076
2017-10-24,11.88,11.8,11.95,11.65,256175.0,星期二,-0.019,-0.0067
2017-10-23,11.88,12.11,12.44,11.63,525376.0,星期一,0.0154,0.0194
2017-10-20,11.3,11.7,11.74,11.2,334068.0,星期五,-0.0018,0.0354
2017-10-19,11.5,11.32,11.69,11.09,342104.0,星期四,-0.0043,-0.0157
2017-10-18,12.11,11.55,12.19,11.5,362737.0,星期三,0.0092,-0.0462
2017-10-17,12.12,12.0,12.31,11.9,318441.0,星期二,-0.0202,-0.0099
2017-10-16,13.62,12.37,13.71,12.37,670812.0,星期一,-0.0087,-0.0918
2017-10-13,13.54,13.74,13.78,13.46,211693.0,星期五,0.0,0.0148
2017-10-12,13.91,13.54,13.95,13.33,337657.0,星期四,0.0029,-0.0266
2017-10-11,14.46,13.87,14.75,13.75,458512.0,星期三,-0.0123,-0.0408
2017-10-10,14.6,14.64,14.91,14.5,382111.0,星期二,-0.0142,0.0027
2017-10-09,14.25,14.81,14.85,14.01,640179.0,星期一,-0.0007,0.0393
2017-09-29,13.8,14.26,14.28,13.8,434680.0,星期五,0.0029,0.0333
2017-09-28,13.8,13.76,14.33,13.72,369423.0,星期四,-0.0122,-0.0029
2017-09-27,13.9,13.97,14.45,13.75,482243.0,星期三,0.0176,0.005
2017-09-26,13.43,13.66,13.74,13.25,285182.0,星期二,0.0015,0.0171
2017-09-25,14.06,13.41,14.34,13.38,431414.0,星期一,-0.0042,-0.0462
2017-09-22,14.13,14.12,14.53,14.01,418923.0,星期五,-0.0282,-0.0007
2017-09-21,15.2,14.54,15.55,14.52,567481.0,星期四,0.0347,-0.0434
2017-09-20,14.6,14.69,14.99,14.19,492388.0,星期三,-0.0061,0.0062
2017-09-19,15.3,14.69,15.9,14.45,821266.0,星期二,-0.0097,-0.0399
2017-09-18,15.24,15.45,15.56,14.77,715533.0,星期一,-0.0256,0.0138
2017-09-15,14.4,15.64,15.86,14.4,1052054.0,星期五,-0.0096,0.0861
2017-09-14,13.96,14.54,15.38,13.96,932030.0,星期四,-0.0113,0.0415
2017-09-13,14.27,14.12,14.66,13.88,932252.0,星期三,-0.0226,-0.0105
2017-09-12,13.3,14.6,14.65,13.16,965378.0,星期二,-0.0089,0.0977
2017-09-11,13.15,13.42,13.96,13.14,536884.0,星期一,-0.0179,0.0205
2017-09-08,13.41,13.39,13.54,13.11,482437.0,星期五,-0.0074,-0.0015
2017-09-07,12.95,13.51,13.98,12.9,952721.0,星期四,-0.0008,0.0432
2017-09-06,13.18,12.96,13.21,12.75,496646.0,星期三,-0.0068,-0.0167
2017-09-05,13.49,13.27,13.53,13.02,532254.0,星期二,0.0007,-0.0163
2017-09-04,12.92,13.48,13.75,12.77,790325.0,星期一,-0.013,0.0433
2017-09-01,12.88,13.09,13.2,12.6,739475.0,星期五,-0.0046,0.0163
2017-08-31,12.03,12.94,13.12,12.03,868120.0,星期四,-0.0082,0.0756
2017-08-30,12.3,12.13,12.35,12.09,466580.0,星期三,0.0008,-0.0138
2017-08-29,11.85,12.29,12.35,11.82,562709.0,星期二,-0.0075,0.0371
2017-08-28,11.67,11.94,12.12,11.57,488925.0,星期一,-0.0068,0.0231
2017-08-25,11.69,11.75,11.99,11.46,518305.0,星期五,0.0078,0.0051
2017-08-24,11.93,11.6,12.11,11.52,628769.0,星期四,-0.0091,-0.0277
2017-08-23,12.5,12.04,12.68,12.0,544509.0,星期三,-0.0071,-0.0368
2017-08-22,12.38,12.59,12.75,12.25,619434.0,星期二,-0.008,0.017
2017-08-21,12.23,12.48,12.5,11.8,847041.0,星期一,-0.0438,0.0204
2017-08-18,13.9,12.79,14.16,12.79,1444021.0,星期五,-0.0287,-0.0799
2017-08-17,13.02,14.31,14.31,12.89,1488471.0,星期四,0.0008,0.0991
2017-08-16,12.57,13.01,13.05,12.41,763255.0,星期三,-0.0233,0.035
2017-08-15,12.72,12.87,13.9,12.55,1052052.0,星期二,-0.014,0.0118
2017-08-14,12.58,12.9,12.97,12.5,701026.0,星期一,0.0186,0.0254
2017-08-11,12.37,12.35,12.98,12.22,857884.0,星期五,-0.0175,-0.0016
2017-08-10,12.8,12.59,13.13,12.36,958500.0,星期四,-0.0266,-0.0164
2017-08-09,12.79,13.15,13.98,12.55,1380848.0,星期三,-0.0169,0.0281
2017-08-07,12.46,13.01,13.04,12.06,1355828.0,星期一,0.0515,0.0441
2017-08-04,12.0,11.85,12.5,11.45,1208605.0,星期五,0.048,-0.0125
2017-08-03,10.8,11.45,11.45,10.8,375826.0,星期四,0.0375,0.0602
2017-08-02,10.25,10.41,10.8,10.03,726703.0,星期三,-0.0049,0.0156
2017-08-01,10.2,10.3,10.58,10.06,709952.0,星期二,-0.023,0.0098
2017-07-31,9.93,10.44,10.69,9.79,959436.0,星期一,0.0216,0.0514
2017-07-28,9.51,9.72,10.05,9.51,539967.0,星期五,-0.0155,0.0221
2017-07-27,9.8,9.66,10.15,9.61,675629.0,星期四,-0.0091,-0.0143
2017-07-26,9.18,9.89,9.95,9.18,774796.0,星期三,-0.0118,0.0773
2017-07-25,9.36,9.29,9.68,9.22,510705.0,星期二,-0.026,-0.0075
2017-07-24,9.25,9.61,9.84,8.92,790658.0,星期一,-0.0149,0.0389
2017-07-21,9.3,9.39,9.88,9.04,1087706.0,星期五,0.0109,0.0097
2017-07-20,9.2,9.2,9.2,9.2,147764.0,星期四,0.1005,0.0
2017-07-19,7.6,8.36,8.36,7.59,232696.0,星期三,0.0,0.1
2017-07-18,7.58,7.6,7.63,7.45,63917.0,星期二,0.0066,0.0026
2017-07-17,8.06,7.53,8.07,7.5,146585.0,星期一,-0.0025,-0.0658
2017-07-14,8.16,8.08,8.16,8.05,77072.0,星期五,-0.0012,-0.0098
2017-07-13,8.13,8.17,8.2,8.09,71114.0,星期四,-0.0037,0.0049
2017-07-12,8.25,8.16,8.35,8.04,143224.0,星期三,-0.0084,-0.0109
2017-07-11,8.3,8.32,8.43,8.25,204926.0,星期二,0.0061,0.0024
2017-07-10,8.28,8.25,8.39,8.18,161826.0,星期一,0.0024,-0.0036
2017-07-07,8.16,8.26,8.27,8.13,175456.0,星期五,0.0,0.0123
2017-07-06,8.18,8.16,8.21,8.11,106469.0,星期四,0.0025,-0.0024
2017-07-05,8.14,8.16,8.18,8.09,61618.0,星期三,0.0025,0.0025
2017-07-04,8.18,8.12,8.19,8.1,56556.0,星期二,0.0,-0.0073
2017-07-03,8.12,8.18,8.22,8.12,65714.0,星期一,-0.0061,0.0074
2017-06-30,8.16,8.17,8.19,8.07,106758.0,星期五,-0.0109,0.0012
2017-06-29,8.08,8.25,8.36,8.05,181320.0,星期四,-0.0025,0.021
2017-06-28,8.14,8.1,8.14,7.95,102150.0,星期三,-0.0025,-0.0049
2017-06-27,8.04,8.16,8.32,8.02,152325.0,星期二,0.0037,0.0149
2017-06-26,7.85,8.01,8.03,7.79,69905.0,星期一,-0.0013,0.0204
2017-06-23,7.92,7.86,7.96,7.72,97657.0,星期五,-0.0112,-0.0076
2017-06-22,8.15,8.01,8.29,7.98,189901.0,星期四,0.02,-0.0172
2017-06-14,8.0,7.99,8.05,7.95,45514.0,星期三,0.0,-0.0012
2017-06-13,7.92,8.0,8.02,7.85,37399.0,星期二,0.0051,0.0101
2017-06-12,8.01,7.88,8.06,7.87,65850.0,星期一,-0.0111,-0.0162
2017-06-09,8.01,8.1,8.17,7.98,88267.0,星期五,0.0012,0.0112
2017-06-08,8.02,8.0,8.14,7.95,84062.0,星期四,-0.0037,-0.0025
2017-06-07,7.9,8.05,8.08,7.84,88219.0,星期三,0.0051,0.019
2017-06-06,7.83,7.86,7.93,7.79,47798.0,星期二,0.0,0.0038
2017-06-05,7.84,7.83,7.87,7.77,43575.0,星期一,0.0038,-0.0013
2017-06-02,7.68,7.81,7.87,7.64,61212.0,星期五,0.0,0.0169
2017-06-01,7.89,7.68,7.89,7.65,82520.0,星期四,0.0,-0.0266
2017-05-31,7.98,7.89,8.05,7.86,60325.0,星期三,0.0101,-0.0113
2017-05-26,7.87,7.9,7.98,7.87,66135.0,星期五,-0.0051,0.0038
2017-05-25,7.84,7.91,7.95,7.69,94676.0,星期四,0.0026,0.0089
2017-05-24,7.76,7.82,7.85,7.6,71900.0,星期三,0.0013,0.0077
2017-05-23,8.08,7.75,8.12,7.71,124918.0,星期二,0.0,-0.0408
2017-05-22,8.36,8.08,8.42,8.03,120447.0,星期一,0.0,-0.0335
2017-05-19,8.42,8.36,8.57,8.29,104586.0,星期五,-0.0047,-0.0071
2017-05-18,8.37,8.46,8.63,8.35,136589.0,星期四,-0.0118,0.0108
2017-05-17,8.43,8.47,8.53,8.41,119313.0,星期三,-0.0082,0.0047
2017-05-16,8.19,8.5,8.51,8.13,139611.0,星期二,-0.0036,0.0379
2017-05-15,8.19,8.22,8.35,8.19,98729.0,星期一,-0.0049,0.0037
2017-05-12,8.42,8.23,8.54,8.17,242824.0,星期五,-0.0175,-0.0226
2017-05-11,8.82,8.57,9.05,8.11,265779.0,星期四,-0.0045,-0.0283
2017-05-10,8.99,8.86,9.12,8.77,207841.0,星期三,-0.0088,-0.0145
2017-05-09,8.65,9.07,9.14,8.65,205096.0,星期二,-0.0103,0.0486
2017-05-08,8.92,8.74,9.0,8.68,172692.0,星期一,0.0,-0.0202
2017-05-05,8.77,8.92,9.18,8.73,315592.0,星期五,-0.0168,0.0171
2017-05-04,8.46,8.92,9.23,8.46,313132.0,星期四,-0.007,0.0544
2017-05-03,8.35,8.52,8.61,8.35,116103.0,星期三,-0.0153,0.0204
2017-05-02,8.34,8.48,8.56,8.25,86127.0,星期二,-0.006,0.0168
2017-04-28,8.35,8.39,8.43,8.27,83974.0,星期五,-0.0024,0.0048
2017-04-27,8.25,8.37,8.43,8.15,87328.0,星期四,0.0049,0.0145
2017-04-26,8.24,8.21,8.3,8.2,47815.0,星期三,0.0037,-0.0036
2017-04-25,8.25,8.21,8.29,8.2,34252.0,星期二,0.0086,-0.0048
2017-04-24,8.61,8.18,8.61,8.16,94819.0,星期一,0.0,-0.0499
2017-04-21,8.61,8.61,8.67,8.54,43658.0,星期五,0.0012,0.0
2017-04-20,8.68,8.6,8.74,8.52,73281.0,星期四,0.0,-0.0092
2017-04-19,8.78,8.68,8.85,8.61,75899.0,星期三,-0.009,-0.0114
2017-04-18,9.02,8.86,9.05,8.8,77895.0,星期二,0.0022,-0.0177
2017-04-17,8.92,9.0,9.05,8.88,77041.0,星期一,-0.0056,0.009
2017-04-14,9.11,8.97,9.24,8.95,122337.0,星期五,-0.0162,-0.0154
2017-04-13,9.08,9.26,9.33,9.06,165511.0,星期四,0.0,0.0198
2017-04-12,9.02,9.08,9.35,8.99,136543.0,星期三,-0.0033,0.0067
2017-04-11,8.91,9.05,9.06,8.83,71355.0,星期二,-0.0056,0.0157
2017-04-10,9.05,8.96,9.05,8.9,60485.0,星期一,-0.0011,-0.0099
2017-04-07,9.03,9.06,9.13,8.97,77417.0,星期五,-0.0022,0.0033
2017-04-06,9.03,9.05,9.08,8.95,73579.0,星期四,0.0044,0.0022
2017-04-05,8.69,8.99,9.03,8.69,109970.0,星期三,0.0035,0.0345
2017-03-31,8.62,8.66,8.74,8.62,65383.0,星期五,0.0023,0.0046
2017-03-30,8.89,8.6,8.89,8.58,105235.0,星期四,0.0034,-0.0326
2017-03-29,9.07,8.86,9.09,8.84,106423.0,星期三,0.0,-0.0232
2017-03-28,9.07,9.07,9.13,9.02,45925.0,星期二,0.0011,0.0
2017-03-27,9.11,9.06,9.14,9.04,53586.0,星期一,-0.0011,-0.0055
2017-03-24,9.09,9.12,9.15,9.02,55687.0,星期五,0.0022,0.0033
2017-03-23,9.14,9.07,9.16,8.98,74624.0,星期四,0.0011,-0.0077
2017-03-22,9.15,9.13,9.17,9.05,62933.0,星期三,-0.0044,-0.0022
2017-03-21,9.17,9.19,9.2,9.14,50139.0,星期二,0.0011,0.0022
2017-03-20,9.17,9.16,9.19,9.09,49680.0,星期一,0.0022,-0.0011
2017-03-17,9.21,9.15,9.23,9.11,62269.0,星期五,0.0022,-0.0065
2017-03-16,9.08,9.19,9.21,9.08,72870.0,星期四,0.0022,0.0121
2017-03-15,9.13,9.06,9.14,9.04,53942.0,星期三,-0.0022,-0.0077
2017-03-14,9.15,9.15,9.19,9.11,51570.0,星期二,-0.0011,0.0
2017-03-13,9.1,9.16,9.17,9.05,55408.0,星期一,-0.0011,0.0066
2017-03-10,9.12,9.11,9.16,9.07,52845.0,星期五,0.0011,-0.0011
2017-03-09,9.25,9.11,9.27,9.07,72236.0,星期四,-0.0011,-0.0151
2017-03-08,9.29,9.26,9.34,9.23,67480.0,星期三,-0.0032,-0.0032
2017-03-07,9.35,9.32,9.4,9.27,95432.0,星期二,0.0,-0.0032
2017-03-06,9.27,9.35,9.37,9.26,78783.0,星期一,-0.0022,0.0086
2017-03-03,9.2,9.29,9.34,9.16,90484.0,星期五,-0.0033,0.0098
2017-03-02,9.23,9.23,9.31,9.2,66657.0,星期四,-0.0022,0.0
2017-03-01,9.21,9.25,9.3,9.17,75676.0,星期三,0.0,0.0043
2017-02-28,9.19,9.21,9.22,9.13,38661.0,星期二,0.0033,0.0022
2017-02-27,9.29,9.16,9.29,9.15,68125.0,星期一,-0.0011,-0.014
2017-02-24,9.25,9.3,9.35,9.2,81562.0,星期五,-0.0011,0.0054
2017-02-23,9.27,9.26,9.29,9.19,61317.0,星期四,0.0,-0.0011
2017-02-22,9.22,9.27,9.29,9.2,75412.0,星期三,-0.0011,0.0054
2017-02-21,9.18,9.23,9.25,9.18,69770.0,星期二,-0.0011,0.0054
2017-02-20,9.02,9.19,9.2,8.99,76527.0,星期一,0.0,0.0188
2017-02-17,9.21,9.02,9.23,9.0,97649.0,星期五,-0.0022,-0.0206
2017-02-16,9.14,9.23,9.24,9.12,67727.0,星期四,-0.0044,0.0098
2017-02-15,9.18,9.18,9.29,9.13,125158.0,星期三,0.0033,0.0
2017-02-14,9.17,9.15,9.18,9.07,51287.0,星期二,0.0,-0.0022
2017-02-13,9.14,9.17,9.2,9.1,56121.0,星期一,0.0011,0.0033
2017-02-10,9.14,9.13,9.25,9.12,61815.0,星期五,-0.0011,-0.0011
2017-02-09,9.04,9.15,9.34,9.03,96807.0,星期四,-0.0022,0.0122
2017-02-08,9.01,9.06,9.07,8.95,49769.0,星期三,-0.0011,0.0055
2017-02-07,9.0,9.02,9.03,8.93,60156.0,星期二,-0.0011,0.0022
2017-02-06,8.83,9.01,9.03,8.82,83383.0,星期一,0.0011,0.0204
2017-02-03,8.9,8.82,8.93,8.8,47298.0,星期五,0.0011,-0.009
2017-01-26,8.94,8.89,8.99,8.85,66263.0,星期四,0.0,-0.0056
2017-01-25,8.86,8.94,8.99,8.86,44686.0,星期三,-0.0023,0.009
2017-01-24,8.85,8.88,8.93,8.85,52432.0,星期二,-0.0011,0.0034
2017-01-23,8.78,8.86,8.89,8.78,42879.0,星期一,0.0,0.0091
2017-01-20,8.65,8.78,8.81,8.63,44181.0,星期五,0.0,0.015
2017-01-19,8.63,8.65,8.71,8.61,39487.0,星期四,-0.0069,0.0023
2017-01-18,8.67,8.69,8.76,8.65,31012.0,星期三,-0.0091,0.0023
2017-01-17,8.6,8.75,8.77,8.46,62832.0,星期二,-0.0104,0.0174
2017-01-16,8.96,8.69,9.05,8.39,97043.0,星期一,-0.0099,-0.0301
2017-01-13,9.15,9.05,9.21,9.02,46333.0,星期五,-0.0011,-0.0109
2017-01-12,9.27,9.16,9.31,9.14,42649.0,星期四,0.0,-0.0119
2017-01-11,9.39,9.27,9.39,9.24,68149.0,星期三,0.0011,-0.0128
2017-01-10,9.43,9.38,9.51,9.37,70208.0,星期二,-0.0042,-0.0053
2017-01-09,9.35,9.47,9.52,9.33,70168.0,星期一,-0.0064,0.0128
2017-01-06,9.46,9.41,9.48,9.38,83015.0,星期五,-0.0053,-0.0053
2017-01-05,9.41,9.51,9.67,9.34,142865.0,星期四,0.0011,0.0106
2017-01-04,9.34,9.4,9.44,9.28,87411.0,星期三,0.0032,0.0064
2017-01-03,9.25,9.31,9.32,9.22,53968.0,星期二,0.0043,0.0065
2016-12-30,9.21,9.21,9.3,9.2,51478.0,星期五,0.0055,0.0
2016-12-29,9.21,9.16,9.27,9.15,30524.0,星期四,-0.0011,-0.0054
2016-12-28,9.22,9.22,9.27,9.2,42879.0,星期三,0.0,0.0
2016-12-27,9.18,9.22,9.29,9.17,50649.0,星期二,-0.0022,0.0044
2016-12-26,9.07,9.2,9.2,8.94,56905.0,星期一,-0.0022,0.0143
2016-12-23,9.27,9.09,9.27,9.08,63926.0,星期五,-0.0022,-0.0194
2016-12-22,9.2,9.29,9.33,9.13,92109.0,星期四,-0.0043,0.0098
2016-12-21,9.18,9.24,9.27,9.18,56409.0,星期三,0.0,0.0065
2016-12-20,9.14,9.18,9.21,9.1,55141.0,星期二,-0.0022,0.0044
2016-12-19,9.16,9.16,9.21,9.07,50360.0,星期一,-0.0022,0.0
2016-12-16,9.12,9.18,9.22,9.05,61503.0,星期五,0.0,0.0066
2016-12-15,8.99,9.12,9.22,8.98,85570.0,星期四,-0.0033,0.0145
2016-12-14,9.01,9.02,9.1,8.92,59291.0,星期三,-0.0011,0.0011
2016-12-13,8.93,9.02,9.05,8.85,79834.0,星期二,0.0011,0.0101
2016-12-12,9.51,8.92,9.54,8.9,137511.0,星期一,-0.0011,-0.062
2016-12-09,9.5,9.52,9.58,9.5,61731.0,星期五,-0.0011,0.0021
2016-12-08,9.68,9.51,9.69,9.5,60770.0,星期四,0.0021,-0.0176
2016-12-07,9.55,9.66,9.69,9.53,69433.0,星期三,0.0,0.0115
2016-12-06,9.63,9.55,9.63,9.52,51970.0,星期二,0.0063,-0.0083
2016-12-05,9.48,9.57,9.58,9.44,82728.0,星期一,-0.0063,0.0095
2016-12-02,9.82,9.54,9.82,9.54,162616.0,星期五,-0.002,-0.0285
2016-12-01,9.77,9.84,9.89,9.77,72731.0,星期四,-0.0031,0.0072
2016-11-30,9.85,9.8,9.93,9.76,116734.0,星期三,-0.003,-0.0051
2016-11-29,10.08,9.88,10.12,9.86,124187.0,星期二,-0.003,-0.0198
2016-11-28,10.0,10.11,10.14,9.95,156367.0,星期一,0.003,0.011
2016-11-25,9.95,9.97,9.97,9.74,133980.0,星期五,0.002,0.002
2016-11-24,10.04,9.93,10.07,9.89,148101.0,星期四,-0.001,-0.011
2016-11-23,10.23,10.05,10.27,10.0,164358.0,星期三,0.0029,-0.0176
2016-11-22,10.12,10.2,10.21,10.08,170768.0,星期二,0.003,0.0079
2016-11-21,10.06,10.09,10.14,10.03,108363.0,星期一,-0.002,0.003
2016-11-18,10.12,10.08,10.19,10.06,126215.0,星期五,0.001,-0.004
2016-11-17,10.17,10.11,10.24,10.03,168596.0,星期四,-0.002,-0.0059
2016-11-16,10.18,10.19,10.31,10.14,234214.0,星期三,0.001,0.001
2016-11-15,10.14,10.17,10.2,10.08,138415.0,星期二,-0.001,0.003
2016-11-14,10.08,10.15,10.18,10.05,185454.0,星期一,-0.002,0.0069
2016-11-11,10.02,10.1,10.17,9.97,216370.0,星期五,0.001,0.008
2016-11-10,9.9,10.01,10.05,9.88,161865.0,星期四,0.0071,0.0111
2016-11-09,10.07,9.83,10.07,9.72,165412.0,星期三,0.004,-0.0238
2016-11-08,10.03,10.03,10.07,9.98,107498.0,星期二,0.005,0.0
2016-11-07,10.01,9.98,10.1,9.96,170003.0,星期一,0.004,-0.003
2016-11-04,9.9,9.97,9.98,9.83,123191.0,星期五,0.002,0.0071
2016-11-03,9.81,9.88,9.95,9.75,91074.0,星期四,-0.003,0.0071
2016-11-02,9.88,9.84,9.98,9.82,90071.0,星期三,-0.005,-0.004
2016-11-01,9.87,9.93,9.95,9.81,85628.0,星期二,0.002,0.0061
2016-10-31,9.92,9.85,9.94,9.74,85581.0,星期一,0.004,-0.0071
2016-10-28,10.1,9.88,10.14,9.87,167780.0,星期五,-0.0049,-0.0218
2016-10-27,9.97,10.15,10.19,9.91,266165.0,星期四,-0.001,0.0181
2016-10-26,9.9,9.98,10.08,9.81,206914.0,星期三,-0.001,0.0081
2016-10-25,9.87,9.91,9.93,9.83,103177.0,星期二,0.0,0.0041
2016-10-24,9.74,9.87,9.89,9.73,127141.0,星期一,-0.001,0.0133
2016-10-21,9.78,9.75,9.83,9.66,93204.0,星期五,-0.0031,-0.0031
2016-10-20,9.79,9.81,9.88,9.74,106296.0,星期四,-0.002,0.002
2016-10-19,9.83,9.81,9.85,9.75,90640.0,星期三,0.002,-0.002
2016-10-18,9.61,9.81,9.84,9.61,111385.0,星期二,-0.0021,0.0208
2016-10-17,9.78,9.63,9.83,9.6,95826.0,星期一,-0.002,-0.0153
2016-10-14,9.75,9.8,9.82,9.7,91544.0,星期五,0.0,0.0051
2016-10-13,9.73,9.75,9.8,9.7,69103.0,星期四,-0.0021,0.0021
2016-10-12,9.74,9.75,9.78,9.7,76488.0,星期三,-0.0061,0.001
2016-10-11,9.71,9.8,9.84,9.7,125767.0,星期二,0.0,0.0093
2016-10-10,9.75,9.71,9.75,9.57,81888.0,星期一,0.0274,-0.0041
2016-09-30,9.4,9.49,9.54,9.39,62540.0,星期五,-0.0084,0.0096
2016-09-29,9.48,9.48,9.58,9.46,64212.0,星期四,0.0021,0.0
2016-09-28,9.53,9.46,9.53,9.43,50914.0,星期三,0.0021,-0.0073
2016-09-27,9.45,9.51,9.52,9.32,96396.0,星期二,0.0011,0.0063
2016-09-26,9.64,9.44,9.8,9.41,128559.0,星期一,0.0021,-0.0207
2016-09-23,9.79,9.62,9.81,9.61,88743.0,星期五,0.002,-0.0174
2016-09-22,9.81,9.77,9.83,9.74,87802.0,星期四,0.0062,-0.0041
2016-09-21,9.72,9.75,9.79,9.71,73077.0,星期三,-0.0021,0.0031
2016-09-20,9.81,9.74,9.84,9.71,73022.0,星期二,0.002,-0.0071
2016-09-19,9.54,9.79,9.82,9.54,115718.0,星期一,0.0021,0.0262
2016-09-14,9.58,9.52,9.64,9.47,108585.0,星期三,-0.0083,-0.0063
2016-09-13,9.68,9.66,9.72,9.58,83312.0,星期二,0.0083,-0.0021
2016-09-12,9.8,9.6,9.87,9.56,202430.0,星期一,-0.0258,-0.0204
2016-09-09,10.26,10.06,10.26,10.05,150124.0,星期五,-0.0019,-0.0195
2016-09-08,10.15,10.28,10.29,10.11,195392.0,星期四,0.001,0.0128
2016-09-07,10.11,10.14,10.27,10.1,195722.0,星期三,-0.0069,0.003
2016-09-06,9.91,10.18,10.19,9.71,245037.0,星期二,-0.002,0.0272
2016-09-05,9.95,9.93,10.04,9.91,76969.0,星期一,0.002,-0.002
2016-09-02,10.09,9.93,10.14,9.85,150983.0,星期五,0.0,-0.0159
2016-09-01,10.08,10.09,10.24,10.04,230658.0,星期四,0.004,0.001
2016-08-31,9.96,10.04,10.04,9.89,101810.0,星期三,-0.002,0.008
2016-08-30,10.02,9.98,10.05,9.94,75822.0,星期二,0.002,-0.004
2016-08-29,9.9,10.0,10.02,9.87,85291.0,星期一,0.0,0.0101
2016-08-26,9.94,9.9,10.05,9.86,128320.0,星期五,0.002,-0.004
2016-08-25,10.04,9.92,10.04,9.74,175611.0,星期四,-0.005,-0.012
2016-08-24,10.15,10.09,10.25,10.05,133481.0,星期三,-0.002,-0.0059
2016-08-23,10.25,10.17,10.31,10.03,162939.0,星期二,-0.0049,-0.0078
2016-08-22,10.23,10.3,10.45,10.16,249884.0,星期一,-0.0049,0.0068
2016-08-19,10.26,10.28,10.37,10.2,166770.0,星期五,0.002,0.0019
2016-08-18,10.29,10.24,10.35,10.18,223859.0,星期四,-0.0039,-0.0049
2016-08-17,10.15,10.33,10.36,10.09,271718.0,星期三,0.0,0.0177
2016-08-16,10.16,10.15,10.24,10.1,180809.0,星期二,-0.001,-0.001
2016-08-15,9.93,10.17,10.23,9.83,280640.0,星期一,0.002,0.0242
2016-08-12,9.72,9.91,9.93,9.69,123719.0,星期五,-0.0021,0.0195
2016-08-11,9.92,9.74,10.01,9.73,160144.0,星期四,-0.005,-0.0181
2016-08-10,10.15,9.97,10.17,9.95,182295.0,星期三,-0.0029,-0.0177
2016-08-09,10.08,10.18,10.22,10.02,201444.0,星期二,-0.002,0.0099
2016-08-08,9.96,10.1,10.1,9.9,168206.0,星期一,0.0071,0.0141
2016-08-05,10.0,9.89,10.1,9.87,173184.0,星期五,-0.003,-0.011
2016-08-04,9.94,10.03,10.09,9.81,164907.0,星期四,-0.005,0.0091
2016-08-03,9.88,9.99,10.15,9.78,213181.0,星期三,-0.004,0.0111
2016-08-02,9.75,9.92,9.95,9.68,188790.0,星期二,0.0135,0.0174
2016-08-01,9.97,9.62,9.97,9.49,233863.0,星期一,-0.001,-0.0351
2016-07-29,10.21,9.98,10.36,9.95,233507.0,星期五,-0.0087,-0.0225
2016-07-28,10.49,10.3,10.7,9.98,362266.0,星期四,-0.0019,-0.0181
2016-07-27,11.06,10.51,11.17,10.26,487989.0,星期三,-0.0081,-0.0497
2016-07-26,10.77,11.15,11.16,10.72,394067.0,星期二,-0.0046,0.0353
2016-07-25,10.82,10.82,11.12,10.75,395461.0,星期一,0.0093,0.0
2016-07-22,10.55,10.72,10.85,10.5,337133.0,星期五,0.0029,0.0161
2016-07-21,10.59,10.52,10.77,10.5,274650.0,星期四,-0.0056,-0.0066
2016-07-20,10.52,10.65,10.78,10.41,310961.0,星期三,-0.0141,0.0124
2016-07-19,10.84,10.67,11.16,10.53,457553.0,星期二,0.0383,-0.0157
2016-07-18,10.5,10.44,10.6,10.28,270898.0,星期一,-0.0038,-0.0057
2016-07-15,10.72,10.54,10.77,10.5,357941.0,星期五,-0.0102,-0.0168
2016-07-14,10.26,10.83,11.35,10.22,672462.0,星期四,-0.0068,0.0556
2016-07-13,10.16,10.33,10.44,10.1,374498.0,星期三,0.0,0.0167
2016-07-12,9.98,10.16,10.2,9.79,350029.0,星期二,-0.006,0.018
2016-07-11,9.84,10.04,10.28,9.84,428081.0,星期一,-0.001,0.0203
2016-07-08,9.83,9.85,9.95,9.82,181606.0,星期五,-0.015,0.002
2016-07-07,9.94,9.98,10.09,9.64,331501.0,星期四,-0.004,0.004
2016-07-06,9.96,9.98,10.05,9.93,213914.0,星期三,-0.0099,0.002
2016-07-05,9.9,10.06,10.15,9.84,327923.0,星期二,-0.001,0.0162
2016-07-04,9.67,9.91,9.96,9.6,225854.0,星期一,-0.0062,0.0248
2016-07-01,9.91,9.73,9.97,9.69,185267.0,星期五,0.001,-0.0182
2016-06-30,9.81,9.9,9.97,9.76,217551.0,星期四,0.001,0.0092
2016-06-29,9.9,9.8,9.94,9.76,194226.0,星期三,0.0,-0.0101
2016-06-28,9.71,9.9,9.96,9.68,275212.0,星期二,-0.0102,0.0196
2016-06-27,9.42,9.81,9.82,9.42,219273.0,星期一,-0.0042,0.0414
2016-06-24,9.7,9.46,9.81,9.21,285782.0,星期五,0.0,-0.0247
2016-06-23,9.83,9.7,9.87,9.57,232568.0,星期四,-0.0091,-0.0132
2016-06-22,9.78,9.92,9.94,9.53,330795.0,星期三,-0.0121,0.0143
2016-06-21,10.0,9.9,10.33,9.85,385268.0,星期二,0.005,-0.01
2016-06-20,10.04,9.95,10.1,9.7,337265.0,星期一,-0.0059,-0.009
2016-06-17,9.98,10.1,10.56,9.85,597136.0,星期五,-0.001,0.012
2016-06-16,9.5,9.99,10.29,9.43,753175.0,星期四,0.0021,0.0516
2016-06-15,8.88,9.48,9.65,8.85,300021.0,星期三,-0.0155,0.0676
2016-06-14,8.91,9.02,9.05,8.86,139686.0,星期二,0.0022,0.0123
2016-06-13,9.5,8.89,9.54,8.86,301162.0,星期一,-0.0226,-0.0642
2016-06-08,9.69,9.72,9.94,9.61,321890.0,星期三,0.0021,0.0031
2016-06-07,9.66,9.67,9.78,9.61,196464.0,星期二,0.001,0.001
2016-06-06,9.66,9.65,9.76,9.53,194168.0,星期一,0.0,-0.001
2016-06-03,9.7,9.66,9.81,9.5,403581.0,星期五,-0.0162,-0.0041
2016-06-02,9.12,9.86,10.0,9.12,679441.0,星期四,-0.0033,0.0811
2016-06-01,9.06,9.15,9.38,9.03,285346.0,星期三,-0.0066,0.0099
2016-05-31,8.85,9.12,9.16,8.78,316312.0,星期二,0.0103,0.0305
2016-05-30,8.66,8.76,8.88,8.43,159006.0,星期一,-0.0035,0.0115
2016-05-27,8.61,8.69,8.76,8.53,142417.0,星期五,-0.0092,0.0093
2016-05-26,8.65,8.69,8.75,8.31,210167.0,星期四,-0.0057,0.0046
2016-05-25,8.84,8.7,9.04,8.64,329068.0,星期三,-0.0079,-0.0158
2016-05-24,9.41,8.91,9.41,8.89,528054.0,星期二,0.1006,-0.0531
2016-05-23,8.45,8.55,8.59,8.4,122268.0,星期一,-0.0035,0.0118
2016-05-20,8.1,8.48,8.49,8.03,160668.0,星期五,-0.0074,0.0469
2016-05-19,8.16,8.16,8.35,8.12,102670.0,星期四,0.0025,0.0
2016-05-18,8.38,8.14,8.4,8.01,108762.0,星期三,-0.0106,-0.0286
2016-05-17,8.53,8.47,8.54,8.34,109004.0,星期二,0.0035,-0.007
2016-05-16,8.25,8.5,8.53,8.2,106692.0,星期一,-0.0012,0.0303
2016-05-13,8.35,8.26,8.44,8.2,76490.0,星期五,0.0012,-0.0108
2016-05-12,8.3,8.34,8.37,8.06,86819.0,星期四,-0.0131,0.0048
2016-05-11,8.6,8.41,8.66,8.4,84460.0,星期三,0.0094,-0.0221
2016-05-10,8.55,8.52,8.65,8.45,73813.0,星期二,0.0035,-0.0035
2016-05-09,8.93,8.52,8.99,8.5,123244.0,星期一,-0.0033,-0.0459
2016-05-06,9.53,8.96,9.56,8.95,205923.0,星期五,0.0,-0.0598
2016-05-05,9.43,9.53,9.56,9.35,137787.0,星期四,-0.0021,0.0106
2016-05-04,9.46,9.45,9.59,9.39,142537.0,星期三,-0.0084,-0.0011
2016-05-03,9.21,9.54,9.55,9.15,179114.0,星期二,-0.0043,0.0358
2016-04-29,9.27,9.25,9.45,9.19,165655.0,星期五,0.0054,-0.0022
2016-04-28,9.17,9.22,9.25,9.01,108688.0,星期四,0.0011,0.0055
2016-04-27,9.24,9.16,9.36,9.15,99108.0,星期三,0.0022,-0.0087
2016-04-26,9.11,9.22,9.22,9.06,85598.0,星期二,-0.0022,0.0121
2016-04-25,9.22,9.13,9.22,8.91,106041.0,星期一,-0.0043,-0.0098
2016-04-22,9.19,9.26,9.27,9.09,90111.0,星期五,0.0,0.0076
2016-04-21,9.26,9.19,9.46,9.18,133036.0,星期四,-0.0096,-0.0076
2016-04-20,10.01,9.35,10.02,9.15,276958.0,星期三,0.002,-0.0659
2016-04-19,9.97,9.99,10.03,9.84,150550.0,星期二,0.005,0.002
2016-04-18,10.12,9.92,10.15,9.8,245201.0,星期一,-0.0136,-0.0198
2016-04-15,10.1,10.26,10.39,10.07,362838.0,星期五,0.0,0.0158
2016-04-14,10.08,10.1,10.12,9.98,160451.0,星期四,0.005,0.002
2016-04-13,9.94,10.03,10.22,9.93,262610.0,星期三,0.0061,0.0091
2016-04-12,9.91,9.88,10.02,9.71,146799.0,星期二,-0.0129,-0.003
2016-04-11,9.99,10.04,10.09,9.96,212189.0,星期一,0.0122,0.005
2016-04-08,9.9,9.87,10.03,9.69,177290.0,星期五,-0.009,-0.003
2016-04-07,10.33,9.99,10.43,9.96,249023.0,星期四,0.001,-0.0329
2016-04-06,10.37,10.32,10.45,10.19,254176.0,星期三,-0.0077,-0.0048
2016-04-05,10.19,10.45,10.47,10.15,332766.0,星期二,0.0,0.0255
2016-04-01,10.19,10.19,10.31,9.94,282042.0,星期五,-0.0068,0.0
2016-03-31,10.42,10.26,10.42,10.17,406841.0,星期四,-0.001,-0.0154
2016-03-30,10.05,10.43,10.46,9.91,466598.0,星期三,0.0121,0.0378
2016-03-29,9.78,9.93,10.12,9.65,299317.0,星期二,-0.0031,0.0153
2016-03-28,10.09,9.81,10.15,9.71,274462.0,星期一,0.01,-0.0278
2016-03-25,9.7,9.99,10.02,9.7,238118.0,星期五,0.0021,0.0299
2016-03-24,9.86,9.68,9.93,9.66,247482.0,星期四,-0.012,-0.0183
2016-03-23,9.83,9.98,10.03,9.79,224336.0,星期三,-0.0061,0.0153
2016-03-22,9.94,9.89,10.08,9.82,312865.0,星期二,-0.01,-0.005
2016-03-21,9.8,10.04,10.18,9.64,463609.0,星期一,0.0166,0.0245
2016-03-18,9.31,9.64,9.71,9.25,387837.0,星期五,0.0043,0.0354
2016-03-17,8.98,9.27,9.32,8.98,229585.0,星期四,0.0067,0.0323
2016-03-16,9.27,8.92,9.29,8.89,178341.0,星期三,0.0076,-0.0378
2016-03-15,9.24,9.2,9.37,9.13,169670.0,星期二,-0.0032,-0.0043
2016-03-14,9.1,9.27,9.45,9.02,273036.0,星期一,0.0145,0.0187
2016-03-11,8.7,8.97,9.1,8.65,130491.0,星期五,-0.0203,0.031
2016-03-10,9.15,8.88,9.25,8.84,164112.0,星期四,0.0044,-0.0295
2016-03-09,9.17,9.11,9.29,9.03,216806.0,星期三,-0.0327,-0.0065
2016-03-08,9.13,9.48,9.53,8.65,282253.0,星期二,-0.0033,0.0383
2016-03-07,9.0,9.16,9.25,8.92,196004.0,星期一,0.0227,0.0178
2016-03-04,9.05,8.8,9.34,8.62,280918.0,星期五,-0.0142,-0.0276
2016-03-03,9.16,9.18,9.54,9.11,296751.0,星期四,0.0,0.0022
2016-03-02,8.56,9.16,9.25,8.54,312425.0,星期三,0.0,0.0701
2016-03-01,8.3,8.56,8.7,8.06,224166.0,星期二,-0.0012,0.0313
2016-02-29,9.1,8.31,9.13,8.25,290320.0,星期一,-0.0076,-0.0868
2016-02-26,9.11,9.17,9.34,8.8,314962.0,星期五,0.0167,0.0066
2016-02-25,9.98,8.96,10.22,8.96,483085.0,星期四,0.002,-0.1022
2016-02-24,9.85,9.96,9.98,9.56,418391.0,星期三,-0.0189,0.0112
2016-02-23,9.82,10.04,10.15,9.68,604250.0,星期二,-0.002,0.0224
2016-02-22,9.83,9.84,9.95,9.69,464914.0,星期一,0.0041,0.001
2016-02-19,9.71,9.79,9.96,9.55,487786.0,星期五,-0.0142,0.0082
2016-02-18,9.85,9.85,9.85,9.71,740841.0,星期四,0.1006,0.0
2016-02-17,8.56,8.95,9.13,8.52,247207.0,星期三,-0.0081,0.0456
2016-02-16,8.15,8.63,8.72,8.13,188769.0,星期二,0.0049,0.0589
2016-02-15,7.82,8.11,8.17,7.76,82781.0,星期一,-0.0393,0.0371
2016-02-05,8.36,8.14,8.43,8.13,115491.0,星期五,0.0024,-0.0263
2016-02-04,8.17,8.34,8.4,8.17,150070.0,星期四,-0.0012,0.0208
2016-02-03,8.05,8.18,8.25,7.98,128427.0,星期三,-0.0135,0.0161
2016-02-02,7.84,8.16,8.24,7.82,132887.0,星期二,-0.0051,0.0408
2016-02-01,7.86,7.88,7.97,7.7,118476.0,星期一,0.0026,0.0025
2016-01-29,7.56,7.84,7.98,7.45,154815.0,星期五,0.0148,0.037
2016-01-28,7.73,7.45,7.99,7.35,143461.0,星期四,-0.0215,-0.0362
2016-01-27,8.05,7.9,8.1,7.34,179124.0,星期三,0.0,-0.0186
2016-01-26,8.8,8.05,8.87,8.05,194993.0,星期二,-0.0157,-0.0852
2016-01-25,9.05,8.94,9.13,8.75,140921.0,星期一,0.0169,-0.0122
2016-01-22,8.68,8.9,8.95,8.53,159847.0,星期五,0.0,0.0253
2016-01-21,8.85,8.68,9.3,8.66,226697.0,星期四,-0.0221,-0.0192
2016-01-20,9.13,9.05,9.23,8.91,210935.0,星期三,-0.0098,-0.0088
2016-01-19,8.79,9.22,9.26,8.71,242192.0,星期二,-0.0011,0.0489
2016-01-18,8.18,8.8,8.97,8.15,186377.0,星期一,-0.0499,0.0758
2016-01-15,8.89,8.61,9.14,8.5,297081.0,星期五,0.016,-0.0315
2016-01-14,8.06,8.75,8.85,7.96,192877.0,星期四,-0.023,0.0856
2016-01-13,8.76,8.25,8.9,8.2,181856.0,星期三,0.0151,-0.0582
2016-01-12,8.47,8.63,8.67,8.22,179686.0,星期二,-0.0012,0.0189
2016-01-11,9.22,8.48,9.22,8.48,218013.0,星期一,-0.0212,-0.0803
2016-01-08,9.66,9.42,9.77,8.7,211190.0,星期五,0.0266,-0.0248
2016-01-07,10.19,9.41,10.19,9.41,61737.0,星期四,-0.0258,-0.0765
2016-01-06,10.31,10.46,10.49,10.15,169319.0,星期三,0.0049,0.0145
2016-01-05,10.2,10.26,10.84,9.69,268155.0,星期二,-0.0529,0.0059
2016-01-04,12.0,10.77,12.06,10.76,191060.0,星期一,0.0033,-0.1025
2015-12-31,12.35,11.96,12.45,11.89,170173.0,星期四,-0.0056,-0.0316
2015-12-30,12.25,12.42,12.45,12.09,203201.0,星期三,0.0016,0.0139
2015-12-29,11.91,12.23,12.25,11.81,185157.0,星期二,-0.0075,0.0269
2015-12-28,12.69,12.0,12.79,11.96,351541.0,星期一,0.0063,-0.0544
2015-12-25,12.55,12.61,12.74,12.45,224658.0,星期五,-0.0008,0.0048
2015-12-24,12.35,12.56,12.64,12.2,250836.0,星期四,0.0016,0.017
2015-12-23,12.73,12.33,12.85,12.29,363497.0,星期三,-0.0016,-0.0314
2015-12-22,12.9,12.75,12.93,12.52,360058.0,星期二,0.0047,-0.0116
2015-12-21,12.48,12.84,12.99,12.38,531350.0,星期一,0.0008,0.0288
2015-12-18,12.7,12.47,12.97,12.4,664003.0,星期五,-0.0024,-0.0181
2015-12-17,11.69,12.73,12.73,11.62,868231.0,星期四,0.0104,0.089
2015-12-16,11.67,11.57,11.76,11.52,181866.0,星期三,0.0078,-0.0086
2015-12-15,11.41,11.58,11.77,11.38,236961.0,星期二,-0.0061,0.0149
2015-12-14,11.0,11.48,11.5,10.89,167942.0,星期一,-0.0126,0.0436
2015-12-11,11.12,11.14,11.35,11.1,140207.0,星期五,-0.0089,0.0018
2015-12-10,11.21,11.22,11.46,11.15,173291.0,星期四,0.0027,0.0009
2015-12-09,11.18,11.18,11.52,11.13,219000.0,星期三,-0.0141,0.0
2015-12-08,11.84,11.34,11.9,11.3,251012.0,星期二,-0.0109,-0.0422
2015-12-07,11.61,11.97,12.04,11.6,294769.0,星期一,0.0017,0.031
2015-12-04,11.68,11.59,11.87,11.49,233305.0,星期五,-0.0043,-0.0077
2015-12-03,11.45,11.73,11.75,11.43,219688.0,星期四,0.0044,0.0245
2015-12-02,11.52,11.4,11.64,10.9,226697.0,星期三,-0.0043,-0.0104
2015-12-01,11.31,11.57,11.8,11.19,315357.0,星期二,-0.0053,0.023
2015-11-30,11.6,11.37,11.68,10.44,406470.0,星期一,0.0069,-0.0198
2015-11-27,12.61,11.52,12.97,11.52,476730.0,星期五,-0.0148,-0.0864
2015-11-26,13.45,12.8,13.5,12.7,440022.0,星期四,0.003,-0.0483
2015-11-25,13.28,13.41,13.55,13.11,360324.0,星期三,-0.0075,0.0098
2015-11-24,13.16,13.38,13.41,12.92,299796.0,星期二,-0.0008,0.0167
2015-11-23,13.7,13.17,13.75,13.02,496070.0,星期一,0.0015,-0.0387
2015-11-20,13.38,13.68,13.84,13.1,781417.0,星期五,-0.0082,0.0224
2015-11-19,12.41,13.49,13.56,12.3,892020.0,星期四,0.0065,0.087
2015-11-18,12.72,12.33,13.08,12.22,505814.0,星期三,0.0008,-0.0307
2015-11-17,13.18,12.71,13.37,12.6,712580.0,星期二,0.0038,-0.0357
2015-11-16,12.0,13.13,13.18,11.96,743072.0,星期一,-0.0361,0.0942
2015-11-13,11.91,12.45,12.92,11.81,817717.0,星期五,-0.0254,0.0453
2015-11-12,12.48,12.22,12.58,12.0,533200.0,星期四,-0.0087,-0.0208
2015-11-11,12.16,12.59,12.65,12.15,675042.0,星期三,0.0016,0.0354
2015-11-10,12.14,12.14,12.38,11.85,477492.0,星期二,-0.0114,0.0
2015-11-09,12.13,12.28,12.38,11.9,564845.0,星期一,-0.0178,0.0124
2015-11-06,12.23,12.35,12.66,12.0,788038.0,星期五,0.0158,0.0098
2015-11-05,11.76,12.04,12.72,11.6,885247.0,星期四,0.0009,0.0238
2015-11-04,11.16,11.75,11.8,11.1,477520.0,星期三,0.0136,0.0529
2015-11-03,10.84,11.01,11.22,10.68,297046.0,星期二,-0.0046,0.0157
2015-11-02,10.98,10.89,11.37,10.76,364980.0,星期一,-0.041,-0.0082
2015-10-30,11.15,11.45,11.77,10.8,577244.0,星期五,-0.008,0.0269
2015-10-29,11.34,11.24,11.47,11.12,322772.0,星期四,0.0198,-0.0088
2015-10-28,11.63,11.12,11.88,10.98,500951.0,星期三,-0.0227,-0.0439
2015-10-27,11.59,11.9,12.04,10.8,642536.0,星期二,-0.0178,0.0267
2015-10-26,11.55,11.8,12.09,11.4,688786.0,星期一,0.0149,0.0216
2015-10-23,11.21,11.38,11.46,10.9,576932.0,星期五,0.0045,0.0152
2015-10-22,10.59,11.16,11.28,10.59,613874.0,星期四,-0.0028,0.0538
2015-10-21,11.85,10.62,12.19,10.62,989747.0,星期三,0.0042,-0.1038
2015-10-20,11.58,11.8,12.36,11.4,969027.0,星期二,-0.0077,0.019
2015-10-19,11.53,11.67,11.95,11.31,930525.0,星期一,0.0222,0.0121
2015-10-16,11.18,11.28,11.49,10.83,861895.0,星期五,-0.015,0.0089
2015-10-15,11.1,11.35,11.43,10.72,1040840.0,星期四,0.0009,0.0225
2015-10-14,9.99,11.09,11.09,9.95,621021.0,星期三,-0.0089,0.1101
2015-10-13,9.79,10.08,10.14,9.75,547222.0,星期二,-0.0181,0.0296
2015-10-12,9.46,9.97,10.3,9.46,725004.0,星期一,0.0064,0.0539
2015-10-09,9.29,9.4,9.8,9.2,708211.0,星期五,0.0131,0.0118
2015-10-08,8.88,9.17,9.29,8.73,463784.0,星期四,0.041,0.0327
2015-09-30,8.62,8.53,8.83,8.51,276296.0,星期三,0.0141,-0.0104
2015-09-29,8.62,8.5,8.8,8.33,292743.0,星期二,-0.0271,-0.0139
2015-09-28,8.68,8.86,9.02,8.25,359467.0,星期一,0.0164,0.0207
2015-09-25,9.02,8.54,9.12,8.36,498996.0,星期五,-0.0206,-0.0532
2015-09-24,8.96,9.21,9.44,8.77,637278.0,星期四,-0.0022,0.0279
2015-09-23,8.45,8.98,9.31,8.41,759053.0,星期三,-0.0231,0.0627
2015-09-22,8.76,8.65,8.93,8.42,566976.0,星期二,-0.0079,-0.0126
2015-09-21,8.43,8.83,8.96,8.35,625260.0,星期一,-0.0266,0.0474
2015-09-18,8.03,8.66,8.66,7.9,709802.0,星期五,0.0203,0.0785
2015-09-17,7.98,7.87,8.52,7.83,587840.0,星期四,0.0101,-0.0138
2015-09-16,7.32,7.9,7.9,7.27,433380.0,星期三,0.0195,0.0792
2015-09-15,7.45,7.18,7.81,7.12,430278.0,星期二,-0.0582,-0.0362
2015-09-14,8.79,7.91,8.79,7.91,608168.0,星期一,0.0,-0.1001
2015-09-11,8.03,8.79,8.79,8.02,733946.0,星期五,0.005,0.0946
2015-09-10,8.08,7.99,8.26,7.92,320896.0,星期四,-0.0265,-0.0111
2015-09-09,7.88,8.3,8.37,7.8,584195.0,星期三,0.0103,0.0533
2015-09-08,7.09,7.8,7.8,7.08,325883.0,星期二,0.0,0.1001
2015-09-07,7.1,7.09,7.41,6.98,260795.0,星期一,0.0426,-0.0014
2015-09-02,6.92,6.81,7.62,6.71,334357.0,星期三,-0.0572,-0.0159
2015-09-01,8.08,7.34,8.08,7.34,378359.0,星期二,-0.0086,-0.0916
2015-08-31,8.55,8.15,8.7,8.1,378629.0,星期一,-0.0284,-0.0468
2015-08-28,8.2,8.8,8.82,8.08,500698.0,星期五,0.0174,0.0732
2015-08-27,7.98,8.06,8.19,7.15,471819.0,星期四,0.031,0.01
2015-08-26,8.58,7.74,8.83,7.74,615749.0,星期三,-0.0023,-0.0979
2015-08-25,8.6,8.6,8.88,8.6,303782.0,星期二,-0.0995,0.0
2015-08-24,9.66,9.55,9.96,9.55,354104.0,星期一,-0.0895,-0.0114
2015-08-21,10.86,10.61,11.97,10.26,1215572.0,星期五,-0.0474,-0.023
2015-08-20,10.43,11.4,11.78,10.21,1196666.0,星期四,-0.0261,0.093
2015-08-19,9.9,10.71,10.9,9.47,540746.0,星期三,-0.0589,0.0818
2015-08-18,11.54,10.52,11.65,10.52,564015.0,星期二,-0.0128,-0.0884
2015-08-17,11.03,11.69,11.7,10.8,614329.0,星期一,-0.0045,0.0598
2015-08-14,11.49,11.08,11.6,11.01,559287.0,星期五,0.0132,-0.0357
2015-08-13,10.8,11.34,11.48,10.72,671491.0,星期四,-0.0092,0.05
2015-08-12,10.66,10.9,11.28,10.56,711595.0,星期三,-0.013,0.0225
2015-08-11,10.9,10.8,11.08,10.65,717827.0,星期二,-0.0136,-0.0092
2015-08-10,10.5,11.05,11.3,10.45,952362.0,星期一,-0.0187,0.0524
2015-08-07,10.19,10.7,10.76,9.93,1232633.0,星期五,0.0,0.05
2015-08-06,8.94,10.19,10.19,8.85,1161327.0,星期四,-0.0346,0.1398
2015-08-05,9.05,9.26,9.54,9.0,531232.0,星期三,-0.0066,0.0232
2015-08-04,8.42,9.11,9.11,8.33,358235.0,星期二,0.0169,0.0819
2015-08-03,8.75,8.28,8.83,8.05,296248.0,星期一,-0.018,-0.0537
2015-07-31,9.02,8.91,9.27,8.62,326304.0,星期五,-0.0311,-0.0122
2015-07-30,9.51,9.31,9.85,9.22,415592.0,星期四,0.0011,-0.021
2015-07-29,9.0,9.5,9.53,8.55,382738.0,星期三,0.0204,0.0556
2015-07-28,8.57,8.82,9.45,8.31,435293.0,星期二,-0.0705,0.0292
2015-07-27,9.98,9.22,10.36,9.22,482714.0,星期一,-0.0254,-0.0762
2015-07-24,10.77,10.24,10.83,10.0,657991.0,星期五,0.0,-0.0492
2015-07-23,10.36,10.77,10.92,10.24,620037.0,星期四,0.0029,0.0396
2015-07-22,10.15,10.33,10.37,9.86,529730.0,星期三,-0.0088,0.0177
2015-07-21,9.88,10.24,10.36,9.7,496641.0,星期二,-0.0198,0.0364
2015-07-20,10.01,10.08,10.41,9.78,796505.0,星期一,0.0183,0.007
2015-07-17,8.9,9.83,9.83,8.76,651153.0,星期五,-0.0045,0.1045
2015-07-16,7.88,8.94,9.17,7.71,845121.0,星期四,-0.0708,0.1345
2015-07-15,8.9,8.48,8.9,8.45,1421718.0,星期三,0.1001,-0.0472
2015-07-14,8.09,8.09,8.09,8.09,7297.0,星期二,0.1007,0.0
2015-07-13,7.35,7.35,7.35,7.35,4702.0,星期一,0.1003,0.0
2015-07-08,6.68,6.68,7.05,6.68,510344.0,星期三,-0.0997,0.0
2015-07-07,8.0,7.42,8.0,7.42,289027.0,星期二,-0.0291,-0.0725
2015-07-06,10.05,8.24,10.05,8.23,474544.0,星期一,0.0996,-0.1801
2015-07-03,9.8,9.14,10.29,9.14,356209.0,星期五,-0.0345,-0.0673
2015-07-02,11.35,10.15,11.48,10.04,359400.0,星期四,0.0179,-0.1057
2015-07-01,12.23,11.15,12.59,11.15,337814.0,星期三,-0.0129,-0.0883
2015-06-30,11.89,12.39,12.45,10.72,400837.0,星期二,0.0068,0.0421
2015-06-29,13.31,11.81,13.4,11.67,410083.0,星期一,0.0262,-0.1127
2015-06-26,14.02,12.97,14.05,12.97,330971.0,星期五,-0.0271,-0.0749
2015-06-25,15.6,14.41,15.6,14.08,301929.0,星期四,0.0013,-0.0763
2015-06-24,15.48,15.58,15.65,14.87,290556.0,星期三,0.0164,0.0065
2015-06-23,15.15,15.23,15.66,13.9,285776.0,星期二,-0.0188,0.0053
2015-06-19,16.8,15.44,16.98,15.44,322712.0,星期五,-0.0204,-0.081
2015-06-18,17.65,17.15,18.2,17.01,325562.0,星期四,-0.0023,-0.0283
2015-06-17,17.25,17.69,17.83,16.61,321207.0,星期三,0.0111,0.0255
2015-06-16,17.51,17.06,17.71,16.85,347388.0,星期二,-0.019,-0.0257
2015-06-15,18.6,17.85,18.74,17.8,414485.0,星期一,0.0016,-0.0403
2015-06-12,18.15,18.57,18.96,17.84,566128.0,星期五,-0.0022,0.0231
2015-06-11,17.36,18.19,18.42,17.29,533183.0,星期四,0.0,0.0478
2015-06-10,16.8,17.36,17.59,16.71,337915.0,星期三,-0.0152,0.0333
2015-06-09,17.5,17.06,17.5,16.8,353319.0,星期二,-0.0046,-0.0251
2015-06-08,17.8,17.58,17.97,16.9,499082.0,星期一,0.0034,-0.0124
2015-06-05,17.3,17.74,18.19,17.2,667998.0,星期五,0.0082,0.0254
2015-06-04,16.88,17.16,17.34,15.56,495229.0,星期四,0.0156,0.0166
2015-06-03,17.06,16.62,17.2,16.3,385765.0,星期三,0.0071,-0.0258
2015-06-02,16.05,16.94,16.95,15.97,467236.0,星期二,0.0038,0.0555
2015-06-01,15.12,15.99,16.01,15.12,356291.0,星期一,0.0013,0.0575
2015-05-29,15.22,15.1,15.53,14.5,389736.0,星期五,-0.0033,-0.0079
2015-05-28,16.9,15.27,17.28,15.27,571300.0,星期四,-0.0041,-0.0964
2015-05-27,17.06,16.97,17.25,16.6,530387.0,星期三,0.0,-0.0053
2015-05-26,16.78,17.06,17.93,16.44,673044.0,星期二,0.0219,0.0167
2015-05-25,15.72,16.42,16.56,15.6,571013.0,星期一,-0.0019,0.0445
2015-05-22,15.88,15.75,16.01,15.17,579300.0,星期五,0.0121,-0.0082
2015-05-21,15.1,15.69,15.77,15.1,486052.0,星期四,-0.0111,0.0391
2015-05-20,15.35,15.27,16.3,15.12,723734.0,星期三,0.0186,-0.0052
2015-05-19,14.75,15.07,15.15,14.43,449680.0,星期二,0.0027,0.0217
2015-05-18,14.58,14.71,15.03,14.5,367117.0,星期一,-0.0129,0.0089
2015-05-15,14.88,14.77,15.0,14.13,535396.0,星期五,-0.0113,-0.0074
2015-05-14,15.26,15.05,15.57,15.02,457519.0,星期四,-0.0212,-0.0138
2015-05-13,14.68,15.59,15.61,14.5,858406.0,星期三,-0.0252,0.062
2015-05-12,14.9,15.06,15.38,14.29,1103058.0,星期二,0.0347,0.0107
2015-05-11,13.25,14.4,14.4,13.03,431345.0,星期一,0.0122,0.0868
2015-05-08,12.34,13.09,13.2,12.2,367035.0,星期五,0.014,0.0608
2015-05-07,12.77,12.17,12.85,12.06,301470.0,星期四,-0.0169,-0.047
2015-05-06,12.77,12.99,13.47,12.72,440899.0,星期三,0.0039,0.0172
2015-05-05,12.98,12.72,13.33,12.65,331603.0,星期二,-0.0069,-0.02
2015-05-04,13.19,13.07,13.2,12.85,296587.0,星期一,-0.0075,-0.0091
2015-04-30,13.61,13.29,13.77,13.26,561618.0,星期四,0.0119,-0.0235
2015-04-29,12.5,13.45,13.58,12.45,539419.0,星期三,-0.0032,0.076
2015-04-28,13.15,12.54,13.4,12.45,363132.0,星期二,0.0,-0.0464
2015-04-27,13.46,13.15,13.59,12.95,480025.0,星期一,0.0052,-0.023
2015-04-24,12.72,13.39,13.4,12.62,532993.0,星期五,-0.0238,0.0527
2015-04-23,13.04,13.03,13.26,12.81,412028.0,星期四,0.0077,-0.0008
2015-04-22,12.79,12.94,13.06,12.7,403827.0,星期三,0.0151,0.0117
2015-04-21,11.96,12.6,12.65,11.96,304466.0,星期二,-0.0025,0.0535
2015-04-20,12.38,11.99,12.45,11.94,408385.0,星期一,-0.012,-0.0315
2015-04-17,12.8,12.53,12.88,12.4,365348.0,星期五,0.0103,-0.0211
2015-04-16,12.35,12.67,12.8,12.01,310450.0,星期四,-0.012,0.0259
2015-04-15,13.09,12.5,13.18,12.49,391851.0,星期三,-0.0187,-0.0451
2015-04-14,13.55,13.34,14.06,13.15,483760.0,星期二,0.0135,-0.0155
2015-04-13,13.07,13.37,13.58,12.84,463918.0,星期一,0.0062,0.023
2015-04-10,12.7,12.99,13.32,12.65,432143.0,星期五,-0.0047,0.0228
2015-04-09,12.8,12.76,12.98,11.88,573910.0,星期四,-0.0008,-0.0031
2015-04-08,12.61,12.81,13.59,12.56,660752.0,星期三,-0.0063,0.0159
2015-04-07,12.0,12.69,12.85,11.92,621966.0,星期二,0.0008,0.0575
2015-04-03,11.65,11.99,12.1,11.61,541585.0,星期五,-0.0085,0.0292
2015-04-02,11.64,11.75,11.85,11.4,478359.0,星期四,0.0017,0.0095
2015-04-01,11.3,11.62,11.69,11.2,555718.0,星期三,0.008,0.0283
2015-03-31,11.36,11.21,11.45,11.17,379663.0,星期二,0.0018,-0.0132
2015-03-30,11.12,11.34,11.45,11.1,397462.0,星期一,0.0063,0.0198
2015-03-27,11.02,11.05,11.12,10.9,259331.0,星期五,-0.0045,0.0027
2015-03-26,11.46,11.07,11.5,10.96,421803.0,星期四,0.0061,-0.034
2015-03-25,11.37,11.39,11.58,11.16,531455.0,星期三,-0.0018,0.0018
2015-03-24,11.04,11.39,11.49,10.69,703075.0,星期二,0.0036,0.0317
2015-03-23,11.0,11.0,11.09,10.86,395928.0,星期一,0.0027,0.0
2015-03-20,10.92,10.97,11.02,10.8,380925.0,星期五,-0.0009,0.0046
2015-03-19,10.96,10.93,11.2,10.75,474379.0,星期四,0.0037,-0.0027
2015-03-18,10.68,10.92,11.05,10.57,491294.0,星期三,0.0019,0.0225
2015-03-17,10.75,10.66,10.77,10.47,456639.0,星期二,0.0009,-0.0084
2015-03-16,10.41,10.74,10.88,10.34,510874.0,星期一,0.0039,0.0317
2015-03-13,9.98,10.37,10.4,9.96,362451.0,星期五,0.001,0.0391
2015-03-12,10.15,9.97,10.32,9.89,293886.0,星期四,0.003,-0.0177
2015-03-11,10.35,10.12,10.37,10.02,254406.0,星期三,0.0039,-0.0222
2015-03-10,10.37,10.31,10.46,10.22,251453.0,星期二,0.001,-0.0058
2015-03-09,9.81,10.36,10.4,9.8,448790.0,星期一,-0.0051,0.0561
2015-03-06,10.1,9.86,10.23,9.84,268022.0,星期五,-0.0098,-0.0238
2015-03-05,9.92,10.2,10.3,9.9,441303.0,星期四,0.001,0.0282
2015-03-04,9.83,9.91,9.97,9.73,228452.0,星期三,0.0,0.0081
2015-03-03,9.96,9.83,10.2,9.8,366705.0,星期二,-0.0109,-0.0131
2015-03-02,9.79,10.07,10.18,9.79,505333.0,星期一,0.0051,0.0286
2015-02-27,9.64,9.74,9.88,9.62,346923.0,星期五,0.001,0.0104
2015-02-26,9.44,9.63,9.7,9.4,264669.0,星期四,-0.0032,0.0201
2015-02-25,9.5,9.47,9.67,9.42,230829.0,星期三,0.0053,-0.0032
2015-02-17,9.52,9.45,9.68,9.44,292352.0,星期二,-0.0031,-0.0074
2015-02-16,9.14,9.55,9.69,9.12,369872.0,星期一,0.0,0.0449
2015-02-13,9.28,9.14,9.35,9.13,189299.0,星期五,0.0153,-0.0151
2015-02-12,8.93,9.14,9.15,8.92,167378.0,星期四,0.0113,0.0235
2015-02-11,8.8,8.83,8.95,8.8,79935.0,星期三,-0.0023,0.0034
2015-02-10,8.69,8.82,8.82,8.66,63869.0,星期二,0.0,0.015
2015-02-09,8.77,8.69,8.83,8.67,66796.0,星期一,0.0,-0.0091
2015-02-06,9.12,8.77,9.15,8.71,134475.0,星期五,0.0022,-0.0384
2015-02-05,9.15,9.1,9.33,9.05,184088.0,星期四,0.0055,-0.0055
2015-02-04,9.09,9.1,9.25,9.04,131446.0,星期三,-0.0011,0.0011
2015-02-03,8.95,9.1,9.16,8.91,128620.0,星期二,0.009,0.0168
2015-02-02,8.99,8.87,9.0,8.82,123474.0,星期一,-0.0099,-0.0133
2015-01-30,9.25,9.08,9.3,9.06,122385.0,星期五,0.0022,-0.0184
2015-01-29,9.23,9.23,9.34,9.18,131049.0,星期四,-0.0086,0.0
2015-01-28,9.34,9.31,9.45,9.28,159128.0,星期三,-0.0053,-0.0032
2015-01-27,9.5,9.39,9.5,9.26,256649.0,星期二,-0.0011,-0.0116
2015-01-26,9.23,9.51,9.57,9.23,383876.0,星期一,-0.0011,0.0303
2015-01-23,9.36,9.24,9.53,9.23,274703.0,星期五,-0.0011,-0.0128
2015-01-22,9.3,9.37,9.42,9.29,281403.0,星期四,-0.0096,0.0075
2015-01-21,8.91,9.39,9.41,8.86,506526.0,星期三,0.0,0.0539
2015-01-20,8.6,8.91,8.95,8.6,144387.0,星期二,0.0082,0.036
2015-01-19,8.8,8.53,8.97,8.36,177515.0,星期一,-0.0276,-0.0307
2015-01-16,9.0,9.05,9.08,8.98,159601.0,星期五,-0.0044,0.0056
2015-01-15,9.03,9.04,9.09,8.96,172712.0,星期四,-0.0044,0.0011
2015-01-14,8.92,9.07,9.13,8.82,315589.0,星期三,0.0022,0.0168
2015-01-13,8.48,8.9,8.94,8.48,253016.0,星期二,-0.0024,0.0495
2015-01-12,8.7,8.5,8.7,8.45,119679.0,星期一,-0.0068,-0.023
2015-01-09,8.93,8.76,8.97,8.75,141000.0,星期五,-0.0033,-0.019
2015-01-08,8.89,8.96,9.11,8.86,179205.0,星期四,-0.0045,0.0079
2015-01-07,9.07,8.93,9.12,8.85,178068.0,星期三,0.0033,-0.0154
2015-01-06,8.7,9.04,9.12,8.66,239567.0,星期二,-0.008,0.0391
2015-01-05,8.63,8.77,8.8,8.58,155882.0,星期一,-0.0023,0.0162
2014-12-31,8.55,8.65,8.68,8.52,115148.0,星期三,-0.0012,0.0117
2014-12-30,8.92,8.56,9.03,8.5,192286.0,星期二,-0.0067,-0.0404
2014-12-29,9.19,8.98,9.19,8.94,181451.0,星期一,-0.0022,-0.0229
2014-12-26,9.14,9.21,9.22,9.01,185466.0,星期五,-0.0011,0.0077
2014-12-25,9.14,9.15,9.18,9.04,143679.0,星期四,0.0033,0.0011
2014-12-24,9.05,9.11,9.15,9.01,113449.0,星期三,0.0067,0.0066
2014-12-23,9.0,8.99,9.25,8.89,151731.0,星期二,0.0022,-0.0011
2014-12-22,9.66,8.98,9.69,8.98,308249.0,星期一,0.0,-0.0704
2014-12-19,9.94,9.66,9.94,9.48,312431.0,星期五,-0.006,-0.0282
2014-12-18,10.16,10.0,10.25,9.99,309576.0,星期四,-0.0203,-0.0157
2014-12-17,10.12,10.37,10.52,9.81,605593.0,星期三,-0.0108,0.0247
2014-12-16,10.31,10.23,10.38,10.06,386363.0,星期二,0.0078,-0.0078
2014-12-15,9.98,10.23,10.34,9.9,376298.0,星期一,-0.004,0.0251
2014-12-12,9.88,10.02,10.15,9.83,305942.0,星期五,-0.002,0.0142
2014-12-11,9.76,9.9,10.07,9.7,383045.0,星期四,-0.0091,0.0143
2014-12-10,9.36,9.85,9.88,9.34,334948.0,星期三,0.0021,0.0524
2014-12-09,9.86,9.34,9.95,9.3,517380.0,星期二,-0.013,-0.0527
2014-12-08,9.8,9.99,10.35,9.7,448793.0,星期一,-0.0101,0.0194
2014-12-05,10.48,9.9,10.58,9.71,710654.0,星期五,-0.0113,-0.0553
2014-12-04,10.75,10.6,10.83,10.44,642487.0,星期四,0.0028,-0.014
2014-12-03,10.41,10.72,10.94,10.36,763574.0,星期三,-0.0161,0.0298
2014-12-02,10.12,10.58,11.1,10.07,975966.0,星期二,-0.0039,0.0455
2014-12-01,10.58,10.16,10.82,10.12,821511.0,星期一,0.0019,-0.0397
2014-11-28,10.48,10.56,11.08,10.23,1653803.0,星期五,0.0048,0.0076
2014-11-27,9.51,10.43,10.43,9.44,1623002.0,星期四,0.0032,0.0967
2014-11-26,9.72,9.48,10.13,9.36,888080.0,星期三,0.0463,-0.0247
2014-11-25,8.85,9.29,9.3,8.85,563786.0,星期二,-0.0034,0.0497
2014-11-24,8.92,8.88,8.96,8.82,230670.0,星期一,0.0102,-0.0045
2014-11-21,8.82,8.83,8.88,8.75,135093.0,星期五,-0.0011,0.0011
2014-11-20,8.91,8.83,8.93,8.8,166892.0,星期四,-0.0067,-0.009
2014-11-19,8.8,8.97,9.05,8.71,316544.0,星期三,0.0011,0.0193
2014-11-18,8.91,8.79,8.98,8.75,217171.0,星期二,0.0,-0.0135
2014-11-17,8.6,8.91,9.05,8.6,369702.0,星期一,-0.0035,0.036
2014-11-14,8.62,8.63,8.75,8.56,130168.0,星期五,-0.0126,0.0012
2014-11-13,8.54,8.73,8.81,8.38,272606.0,星期四,0.0095,0.0222
2014-11-12,8.32,8.46,8.52,8.26,92175.0,星期三,0.0036,0.0168
2014-11-11,8.6,8.29,8.65,8.26,159335.0,星期二,0.0012,-0.036
2014-11-10,8.53,8.59,8.6,8.5,84729.0,星期一,0.0024,0.007
2014-11-07,8.75,8.51,8.78,8.5,143430.0,星期五,0.0,-0.0274
2014-11-06,8.7,8.75,8.75,8.65,96732.0,星期四,0.0,0.0057
2014-11-05,8.72,8.7,8.81,8.65,97955.0,星期三,0.0011,-0.0023
2014-11-04,8.84,8.71,8.86,8.68,117506.0,星期二,0.0034,-0.0147
2014-11-03,8.77,8.81,8.88,8.77,118459.0,星期一,-0.0011,0.0046
2014-10-31,8.79,8.78,8.83,8.66,153738.0,星期五,0.0,-0.0011
2014-10-30,8.89,8.79,8.96,8.77,247735.0,星期四,-0.0056,-0.0112
2014-10-29,8.67,8.94,9.03,8.57,342787.0,星期三,0.0046,0.0311
2014-10-28,8.4,8.63,8.65,8.4,124902.0,星期二,-0.0012,0.0274
2014-10-27,8.31,8.41,8.44,8.26,73145.0,星期一,0.0,0.012
2014-10-24,8.32,8.31,8.37,8.28,72728.0,星期五,0.0036,-0.0012
2014-10-23,8.39,8.29,8.46,8.25,120718.0,星期四,-0.0024,-0.0119
2014-10-22,8.6,8.41,8.65,8.39,121683.0,星期三,0.0012,-0.0221
2014-10-21,8.7,8.59,8.76,8.57,115580.0,星期二,0.0,-0.0126
2014-10-20,8.63,8.7,8.71,8.6,78864.0,星期一,0.0047,0.0081
2014-10-17,8.74,8.59,8.83,8.45,168872.0,星期五,-0.0068,-0.0172
2014-10-16,9.0,8.8,9.05,8.78,210361.0,星期四,-0.0033,-0.0222
2014-10-15,8.97,9.03,9.05,8.93,118034.0,星期三,-0.0011,0.0067
2014-10-14,9.04,8.98,9.14,8.93,166488.0,星期二,-0.0011,-0.0066
2014-10-13,9.12,9.05,9.13,8.94,173653.0,星期一,-0.0022,-0.0077
2014-10-10,9.27,9.14,9.32,9.08,288072.0,星期五,-0.0064,-0.014
2014-10-09,9.48,9.33,9.49,9.2,281386.0,星期四,0.0032,-0.0158
2014-10-08,9.26,9.45,9.47,9.22,322731.0,星期三,0.0022,0.0205
2014-09-30,9.39,9.24,9.4,9.19,265079.0,星期二,0.0021,-0.016
2014-09-29,9.39,9.37,9.43,9.32,257493.0,星期一,-0.0011,-0.0021
2014-09-26,9.24,9.4,9.51,9.2,513888.0,星期五,0.0011,0.0173
2014-09-25,9.29,9.23,9.34,9.17,278830.0,星期四,0.0011,-0.0065
2014-09-24,9.21,9.28,9.34,9.18,312784.0,星期三,-0.0032,0.0076
2014-09-23,9.11,9.24,9.32,9.1,437274.0,星期二,-0.0087,0.0143
2014-09-22,8.87,9.19,9.35,8.69,450493.0,星期一,-0.0067,0.0361
2014-09-19,8.89,8.93,8.96,8.83,142423.0,星期五,-0.0045,0.0045
2014-09-18,8.91,8.93,9.06,8.86,134034.0,星期四,-0.0056,0.0022
2014-09-17,8.86,8.96,9.07,8.77,175487.0,星期三,-0.0023,0.0113
2014-09-16,9.28,8.88,9.38,8.87,359891.0,星期二,-0.0032,-0.0431
2014-09-15,9.12,9.31,9.32,9.08,308320.0,星期一,-0.0033,0.0208
2014-09-12,9.05,9.15,9.22,8.99,222491.0,星期五,-0.0055,0.011
2014-09-11,9.28,9.1,9.34,9.09,420180.0,星期四,0.012,-0.0194
2014-09-10,9.03,9.17,9.21,8.93,242197.0,星期三,-0.0022,0.0155
2014-09-09,9.15,9.05,9.17,9.03,201725.0,星期二,0.0033,-0.0109
2014-09-05,9.2,9.12,9.2,9.06,184612.0,星期五,0.0022,-0.0087
2014-09-04,9.08,9.18,9.26,8.96,317495.0,星期四,0.0044,0.011
2014-09-03,9.1,9.04,9.11,8.95,251397.0,星期三,0.0022,-0.0066
2014-09-02,8.86,9.08,9.11,8.83,280776.0,星期二,0.0034,0.0248
2014-09-01,8.71,8.83,8.85,8.7,142766.0,星期一,0.0,0.0138
2014-08-29,8.59,8.71,8.73,8.57,99747.0,星期五,0.0047,0.014
2014-08-28,8.74,8.55,8.76,8.53,159015.0,星期四,-0.0057,-0.0217
2014-08-27,8.65,8.79,8.89,8.65,156958.0,星期三,-0.0023,0.0162
2014-08-26,9.13,8.67,9.14,8.62,393073.0,星期二,-0.0065,-0.0504
2014-08-25,9.47,9.19,9.47,9.15,276374.0,星期一,-0.0021,-0.0296
2014-08-22,9.26,9.49,9.54,9.2,407677.0,星期五,-0.0032,0.0248
2014-08-21,9.32,9.29,9.38,9.19,295671.0,星期四,0.0141,-0.0032
2014-08-20,9.45,9.19,9.47,9.15,380126.0,星期三,0.0021,-0.0275
2014-08-19,9.53,9.43,9.57,9.36,339987.0,星期二,0.0021,-0.0105
2014-08-18,9.53,9.51,9.6,9.39,352228.0,星期一,-0.001,-0.0021
2014-08-15,9.41,9.54,9.73,9.41,386791.0,星期五,-0.0021,0.0138
2014-08-14,9.5,9.43,9.75,9.36,499374.0,星期四,-0.0094,-0.0074
2014-08-13,9.58,9.59,9.69,9.23,575040.0,星期三,-0.0062,0.001
2014-08-12,9.1,9.64,9.65,9.06,711961.0,星期二,0.0,0.0593
2014-08-11,9.0,9.1,9.21,8.98,306758.0,星期一,0.0033,0.0111
2014-08-08,8.92,8.97,9.06,8.91,177124.0,星期五,-0.0089,0.0056
2014-08-07,9.17,9.0,9.25,8.97,296844.0,星期四,-0.0065,-0.0185
2014-08-06,8.88,9.23,9.24,8.8,450846.0,星期三,-0.0056,0.0394
2014-08-05,8.94,8.93,8.95,8.8,187752.0,星期二,-0.0022,-0.0011
2014-08-04,8.77,8.96,8.98,8.77,222254.0,星期一,-0.0045,0.0217
2014-08-01,9.1,8.81,9.19,8.79,386395.0,星期五,-0.0109,-0.0319
2014-07-31,8.93,9.2,9.38,8.93,455585.0,星期四,-0.0033,0.0302
2014-07-30,9.1,8.96,9.18,8.88,343291.0,星期三,0.0022,-0.0154
2014-07-29,9.06,9.08,9.37,9.04,525908.0,星期二,-0.0109,0.0022
2014-07-28,8.87,9.16,9.18,8.71,458877.0,星期一,0.0103,0.0327
2014-07-25,8.79,8.78,8.93,8.63,295596.0,星期五,-0.0011,-0.0011
2014-07-24,9.02,8.8,9.17,8.51,496396.0,星期四,-0.0088,-0.0244
2014-07-23,9.2,9.1,9.31,9.02,574442.0,星期三,-0.0234,-0.0109
2014-07-22,8.98,9.42,9.7,8.89,883069.0,星期二,0.0079,0.049
2014-07-21,8.49,8.91,9.26,8.48,684169.0,星期一,-0.0012,0.0495
2014-07-18,8.61,8.5,8.94,8.48,479047.0,星期五,-0.0171,-0.0128
2014-07-17,8.51,8.76,8.78,8.34,464381.0,星期四,-0.0218,0.0294
2014-07-16,9.08,8.7,9.28,8.63,1004748.0,星期三,0.0145,-0.0419
2014-07-15,8.37,8.95,8.95,8.21,769419.0,星期二,0.0283,0.0693
2014-07-14,7.65,8.14,8.25,7.65,517373.0,星期一,0.0,0.0641
2014-07-11,7.51,7.65,7.68,7.5,128025.0,星期五,-0.0027,0.0186
2014-07-10,7.71,7.53,7.83,7.46,195579.0,星期四,0.0,-0.0233
2014-07-09,7.91,7.71,8.04,7.69,241471.0,星期三,-0.0063,-0.0253
2014-07-08,7.88,7.96,7.97,7.69,217125.0,星期二,0.0,0.0102
2014-07-07,7.84,7.88,7.94,7.8,144525.0,星期一,-0.0038,0.0051
2014-07-04,8.08,7.87,8.1,7.8,328323.0,星期五,-0.0074,-0.026
2014-07-03,7.88,8.14,8.19,7.8,460564.0,星期四,-0.0025,0.033
2014-07-02,7.9,7.9,7.94,7.79,212228.0,星期三,-0.0025,0.0
2014-07-01,7.87,7.92,7.96,7.75,327313.0,星期二,0.0025,0.0064
2014-06-30,7.7,7.85,7.89,7.67,295790.0,星期一,0.0039,0.0195
2014-06-27,7.42,7.67,8.07,7.4,450979.0,星期五,0.0,0.0337
2014-06-26,7.35,7.42,7.49,7.33,151494.0,星期四,0.0014,0.0095
2014-06-25,7.45,7.34,7.46,7.27,204166.0,星期三,-0.0119,-0.0148
2014-06-24,7.57,7.54,7.69,7.48,204587.0,星期二,-0.0039,-0.004
2014-06-23,7.59,7.6,7.78,7.52,253713.0,星期一,-0.0091,0.0013
2014-06-20,7.3,7.66,7.76,7.2,332063.0,星期五,-0.0201,0.0493
2014-06-19,7.89,7.45,8.35,7.4,550439.0,星期四,0.0233,-0.0558
2014-06-18,7.5,7.71,7.78,7.39,376162.0,星期三,0.0013,0.028
2014-06-17,7.3,7.49,7.7,7.26,438247.0,星期二,-0.0027,0.026
2014-06-16,7.4,7.32,7.44,7.28,257289.0,星期一,-0.0013,-0.0108
2014-06-13,7.16,7.41,7.5,7.12,469559.0,星期五,-0.0042,0.0349
2014-06-12,7.05,7.19,7.27,7.0,313211.0,星期四,-0.0028,0.0199
2014-06-11,7.03,7.07,7.09,6.99,134264.0,星期三,-0.0042,0.0057
2014-06-10,6.91,7.06,7.07,6.84,163182.0,星期二,-0.0029,0.0217
2014-06-09,6.96,6.93,7.08,6.9,116934.0,星期一,-0.0043,-0.0043
2014-06-06,7.07,6.99,7.1,6.93,137985.0,星期五,-0.0056,-0.0113
2014-06-05,6.85,7.11,7.12,6.82,214601.0,星期四,-0.0044,0.038
2014-06-04,7.07,6.88,7.07,6.8,152432.0,星期三,0.0028,-0.0269
2014-06-03,6.86,7.05,7.07,6.83,178831.0,星期二,0.0059,0.0277
2014-05-30,6.91,6.82,6.95,6.76,125921.0,星期五,-0.0029,-0.013
2014-05-29,7.1,6.93,7.12,6.91,142733.0,星期四,0.0014,-0.0239
2014-05-28,6.98,7.09,7.12,6.9,175380.0,星期三,0.0029,0.0158
2014-05-27,7.05,6.96,7.06,6.95,115241.0,星期二,0.0,-0.0128
2014-05-26,7.07,7.05,7.24,7.02,227916.0,星期一,0.0129,-0.0028
2014-05-23,6.81,6.98,6.99,6.79,126417.0,星期五,-0.0029,0.025
2014-05-22,6.9,6.83,7.01,6.8,163998.0,星期四,-0.0058,-0.0101
2014-05-21,6.7,6.94,7.01,6.62,203623.0,星期三,-0.003,0.0358
2014-05-20,6.75,6.72,6.85,6.69,99020.0,星期二,0.015,-0.0044
2014-05-19,6.61,6.65,6.71,6.58,68326.0,星期一,-0.0075,0.0061
2014-05-16,6.7,6.66,6.74,6.55,104991.0,星期五,-0.003,-0.006
2014-05-15,6.93,6.72,6.95,6.67,150068.0,星期四,-0.0072,-0.0303
2014-05-14,6.88,6.98,6.99,6.87,147342.0,星期三,0.0015,0.0145
2014-05-13,6.94,6.87,6.98,6.81,120075.0,星期二,0.0029,-0.0101
2014-05-12,6.75,6.92,6.96,6.71,177850.0,星期一,0.0181,0.0252
2014-05-09,6.79,6.63,6.85,6.6,160735.0,星期五,-0.0088,-0.0236
2014-05-08,6.7,6.85,7.07,6.65,213177.0,星期四,-0.0089,0.0224
2014-05-07,7.09,6.76,7.09,6.75,192038.0,星期三,-0.0042,-0.0465
2014-05-06,7.15,7.12,7.22,7.08,126876.0,星期二,-0.0014,-0.0042
2014-05-05,7.05,7.16,7.18,7.0,139076.0,星期一,-0.0014,0.0156
2014-04-30,7.02,7.06,7.09,6.99,124033.0,星期三,-0.0014,0.0057
2014-04-29,6.87,7.03,7.04,6.83,143596.0,星期二,-0.0029,0.0233
2014-04-28,7.0,6.89,7.08,6.87,188158.0,星期一,-0.0014,-0.0157
2014-04-25,7.36,7.01,7.44,6.91,334665.0,星期五,-0.0094,-0.0476
2014-04-24,7.81,7.43,7.85,7.41,235796.0,星期四,0.0013,-0.0487
2014-04-23,7.97,7.8,8.0,7.76,192713.0,星期三,-0.0013,-0.0213
2014-04-22,8.07,7.98,8.16,7.81,312954.0,星期二,-0.0086,-0.0112
2014-04-21,8.37,8.14,8.48,8.1,380000.0,星期一,-0.0141,-0.0275
2014-04-18,8.23,8.49,8.5,8.18,603801.0,星期五,0.0,0.0316
2014-04-17,8.09,8.23,8.3,7.9,475211.0,星期四,-0.0037,0.0173
2014-04-16,8.05,8.12,8.24,8.05,243809.0,星期三,-0.0111,0.0087
2014-04-15,8.12,8.14,8.24,8.06,220737.0,星期二,-0.0085,0.0025
2014-04-14,8.06,8.19,8.25,8.06,208880.0,星期一,-0.0074,0.0161
2014-04-11,8.28,8.12,8.36,8.11,448177.0,星期五,-0.0166,-0.0193
2014-04-10,8.28,8.42,8.64,8.28,556954.0,星期四,-0.006,0.0169
2014-04-09,8.3,8.33,8.4,8.26,424639.0,星期三,-0.0048,0.0036
2014-04-08,8.1,8.34,8.45,8.02,515904.0,星期二,-0.0182,0.0296
2014-04-04,7.97,8.25,8.36,7.84,519034.0,星期五,-0.0038,0.0351
2014-04-03,8.12,8.0,8.24,7.93,364948.0,星期四,-0.0085,-0.0148
2014-04-02,8.22,8.19,8.46,8.1,369440.0,星期三,-0.0048,-0.0036
2014-04-01,8.1,8.26,8.43,7.96,389255.0,星期二,-0.0061,0.0198
2014-03-31,8.61,8.15,8.78,7.89,670956.0,星期一,-0.0182,-0.0534
2014-03-28,8.52,8.77,9.15,8.41,944333.0,星期五,-0.0081,0.0293
2014-03-27,8.42,8.59,8.79,8.37,962302.0,星期四,-0.0592,0.0202
2014-03-26,8.56,8.95,8.95,8.4,1336490.0,星期三,0.0516,0.0456
2014-03-25,8.0,8.14,8.28,7.81,472427.0,星期二,-0.0074,0.0175
2014-03-24,8.0,8.06,8.16,7.92,347331.0,星期一,0.0,0.0075
2014-03-21,7.63,8.0,8.07,7.6,430023.0,星期五,-0.0193,0.0485
2014-03-20,8.06,7.78,8.21,7.72,478852.0,星期四,-0.0147,-0.0347
2014-03-19,8.2,8.18,8.44,7.88,631624.0,星期三,-0.025,-0.0024
2014-03-18,7.98,8.41,8.75,7.96,917436.0,星期二,-0.0099,0.0539
2014-03-17,7.61,8.06,8.13,7.6,643874.0,星期一,-0.0547,0.0591
2014-03-14,8.15,8.05,8.33,7.9,845809.0,星期五,0.0124,-0.0123
2014-03-13,7.98,8.05,8.16,7.86,681354.0,星期四,-0.0124,0.0088
2014-03-12,8.2,8.08,8.4,8.08,1191889.0,星期三,-0.0869,-0.0146
2014-03-11,9.69,8.98,10.14,8.59,1426940.0,星期二,0.0157,-0.0733
2014-03-10,9.41,9.54,10.35,9.2,1777543.0,星期一,-0.0167,0.0138
2014-03-07,8.65,9.57,9.57,8.42,1345175.0,星期五,-0.0057,0.1064
2014-03-06,9.03,8.7,9.03,8.37,1589042.0,星期四,0.0999,-0.0365
2014-03-05,8.21,8.21,8.21,8.21,209220.0,星期三,0.1005,0.0
2014-03-04,7.29,7.46,7.7,7.17,665343.0,星期二,-0.0055,0.0233
2014-03-03,7.18,7.33,7.37,7.11,542243.0,星期一,-0.0069,0.0209
2014-02-28,6.79,7.23,7.38,6.51,553702.0,星期五,0.0104,0.0648
2014-02-27,7.01,6.72,7.15,6.66,508022.0,星期四,0.013,-0.0414
2014-02-26,6.48,6.92,6.93,6.37,388805.0,星期三,-0.0077,0.0679
2014-02-25,6.59,6.53,7.02,6.41,370825.0,星期二,0.0015,-0.0091
2014-02-24,6.43,6.58,6.66,6.38,232436.0,星期一,-0.0062,0.0233
2014-02-21,6.53,6.47,6.59,6.39,194715.0,星期五,0.0,-0.0092
2014-02-20,6.94,6.53,6.94,6.45,351761.0,星期四,0.0117,-0.0591
2014-02-19,6.99,6.86,7.15,6.84,391415.0,星期三,0.0029,-0.0186
2014-02-18,6.92,6.97,7.16,6.81,549884.0,星期二,0.0029,0.0072
2014-02-17,6.85,6.9,7.08,6.79,413321.0,星期一,-0.0044,0.0073
2014-02-14,6.74,6.88,6.91,6.66,528762.0,星期五,-0.0203,0.0208
2014-02-13,6.38,6.88,7.06,6.33,980751.0,星期四,-0.0062,0.0784
2014-02-12,6.36,6.42,6.57,6.22,337648.0,星期三,-0.0078,0.0094
2014-02-11,6.72,6.41,6.72,6.3,675942.0,星期二,0.065,-0.0461
2014-02-10,5.78,6.31,6.31,5.78,288839.0,星期一,0.007,0.0917
2014-02-07,5.42,5.74,5.75,5.42,142075.0,星期五,-0.0109,0.059
2014-01-30,5.52,5.48,5.59,5.47,53262.0,星期四,0.0,-0.0072
2014-01-29,5.45,5.52,5.56,5.43,48740.0,星期三,0.0037,0.0128
2014-01-28,5.48,5.43,5.55,5.38,67479.0,星期二,0.0,-0.0091
2014-01-27,5.6,5.48,5.61,5.48,66713.0,星期一,0.0018,-0.0214
2014-01-24,5.51,5.59,5.62,5.5,68051.0,星期五,-0.0018,0.0145
2014-01-23,5.53,5.52,5.58,5.5,55773.0,星期四,0.0036,-0.0018
2014-01-22,5.39,5.51,5.53,5.39,60847.0,星期三,-0.0019,0.0223
2014-01-21,5.36,5.4,5.44,5.35,37400.0,星期二,0.0,0.0075
2014-01-20,5.3,5.36,5.37,5.28,35541.0,星期一,-0.0056,0.0113
2014-01-17,5.48,5.33,5.48,5.3,62442.0,星期五,-0.0054,-0.0274
2014-01-16,5.48,5.51,5.59,5.42,67551.0,星期四,-0.0036,0.0055
2014-01-15,5.5,5.5,5.58,5.45,59115.0,星期三,-0.0108,0.0
2014-01-14,5.34,5.56,5.59,5.28,88092.0,星期二,0.0,0.0412
2014-01-13,5.51,5.34,5.55,5.28,84395.0,星期一,-0.0018,-0.0309
2014-01-10,5.66,5.52,5.75,5.45,101712.0,星期五,-0.0053,-0.0247
2014-01-09,5.85,5.69,6.08,5.64,189050.0,星期四,0.0317,-0.0274
2014-01-08,5.68,5.67,5.72,5.56,46859.0,星期三,0.0071,-0.0018
2014-01-07,5.53,5.64,5.65,5.49,42151.0,星期二,-0.0036,0.0199
2014-01-06,5.7,5.55,5.71,5.49,55593.0,星期一,-0.0052,-0.0263
2014-01-03,5.82,5.73,5.82,5.69,45103.0,星期五,0.0017,-0.0155
2014-01-02,5.67,5.81,5.82,5.63,76452.0,星期四,-0.0035,0.0247
2013-12-31,5.65,5.69,5.73,5.58,52354.0,星期二,-0.0053,0.0071
2013-12-30,5.69,5.68,5.72,5.65,38396.0,星期一,0.0071,-0.0018
2013-12-27,5.57,5.65,5.69,5.57,40101.0,星期五,0.0,0.0144
2013-12-26,5.72,5.57,5.72,5.57,54847.0,星期四,0.0,-0.0262
2013-12-25,5.63,5.72,5.73,5.63,33590.0,星期三,-0.0018,0.016
2013-12-24,5.62,5.64,5.72,5.58,42211.0,星期二,0.0036,0.0036
2013-12-23,5.7,5.6,5.71,5.53,34617.0,星期一,0.0053,-0.0175
2013-12-20,5.76,5.67,5.84,5.65,50429.0,星期五,-0.0052,-0.0156
2013-12-19,5.87,5.79,5.92,5.76,36010.0,星期四,0.0017,-0.0136
2013-12-18,5.85,5.86,5.91,5.82,36871.0,星期三,0.0052,0.0017
2013-12-17,5.88,5.82,5.92,5.81,50467.0,星期二,0.0,-0.0102
2013-12-16,6.09,5.88,6.11,5.81,95272.0,星期一,0.0,-0.0345
2013-12-13,6.17,6.09,6.18,6.07,82754.0,星期五,-0.0048,-0.013
2013-12-12,6.16,6.2,6.28,6.15,77635.0,星期四,0.0016,0.0065
2013-12-11,6.34,6.15,6.35,6.1,122998.0,星期三,0.0079,-0.03
2013-12-10,6.23,6.29,6.44,6.2,202114.0,星期二,0.0065,0.0096
2013-12-09,6.15,6.19,6.25,6.15,80364.0,星期一,0.0016,0.0065
2013-12-06,6.13,6.14,6.23,6.11,113031.0,星期五,-0.0081,0.0016
2013-12-05,6.03,6.18,6.33,6.02,244444.0,星期四,-0.0017,0.0249
2013-12-04,5.9,6.04,6.11,5.87,134177.0,星期三,0.0,0.0237
2013-12-03,5.8,5.9,5.93,5.74,81105.0,星期二,-0.0051,0.0172
2013-12-02,6.09,5.83,6.1,5.72,188388.0,星期一,-0.0114,-0.0427
2013-11-29,6.1,6.16,6.16,6.09,94426.0,星期五,-0.0016,0.0098
2013-11-28,6.1,6.11,6.17,6.09,124221.0,星期四,0.0,0.0016
2013-11-27,6.05,6.1,6.13,6.01,96673.0,星期三,-0.0066,0.0083
2013-11-26,6.07,6.09,6.15,6.04,89646.0,星期二,-0.0016,0.0033
2013-11-25,6.03,6.08,6.15,5.99,113261.0,星期一,-0.0017,0.0083
2013-11-22,6.04,6.04,6.07,5.96,86053.0,星期五,0.0033,0.0
2013-11-21,6.06,6.02,6.07,5.97,105119.0,星期四,-0.0082,-0.0066
2013-11-20,6.05,6.11,6.11,5.97,119177.0,星期三,0.0,0.0099
2013-11-19,6.15,6.05,6.19,5.99,210220.0,星期二,0.0016,-0.0163
2013-11-18,5.89,6.14,6.21,5.86,165433.0,星期一,0.0068,0.0424
2013-11-15,5.75,5.85,5.97,5.71,136831.0,星期五,0.0052,0.0174
2013-11-14,5.69,5.72,5.73,5.56,104329.0,星期四,0.0053,0.0053
2013-11-13,5.86,5.66,5.86,5.65,74891.0,星期三,-0.0017,-0.0341
2013-11-12,5.82,5.87,5.9,5.78,58159.0,星期二,0.0,0.0086
2013-11-11,5.8,5.82,5.87,5.68,69394.0,星期一,-0.0051,0.0034
2013-11-08,5.94,5.83,6.0,5.79,85372.0,星期五,-0.0067,-0.0185
2013-11-07,6.0,5.98,6.08,5.93,87569.0,星期四,-0.0083,-0.0033
2013-11-06,6.18,6.05,6.22,6.04,120767.0,星期三,-0.008,-0.021
2013-11-05,6.11,6.23,6.26,5.96,142863.0,星期二,-0.0049,0.0196
2013-11-04,6.14,6.14,6.2,6.09,51151.0,星期一,0.0033,0.0
2013-11-01,6.14,6.12,6.19,5.99,74680.0,星期五,0.0049,-0.0033
2013-10-31,6.24,6.11,6.24,6.05,75937.0,星期四,0.0032,-0.0208
2013-10-30,5.95,6.22,6.34,5.95,163344.0,星期三,-0.005,0.0454
2013-10-29,6.38,5.98,6.43,5.8,208328.0,星期二,0.0,-0.0627
2013-10-28,6.28,6.38,6.38,6.25,86696.0,星期一,0.0,0.0159
2013-10-25,6.39,6.28,6.44,6.17,159140.0,星期五,0.0047,-0.0172
2013-10-24,6.48,6.36,6.57,6.31,182714.0,星期四,0.0015,-0.0185
2013-10-23,6.88,6.47,6.95,6.45,281685.0,星期三,0.0,-0.0596
2013-10-22,7.24,6.88,7.36,6.83,285251.0,星期二,0.007,-0.0497
2013-10-21,6.91,7.19,7.23,6.86,254596.0,星期一,0.0073,0.0405
2013-10-18,6.89,6.86,7.01,6.76,186200.0,星期五,0.0029,-0.0044
2013-10-17,7.15,6.87,7.46,6.85,359348.0,星期四,0.0042,-0.0392
2013-10-16,7.4,7.12,7.49,7.09,360342.0,星期三,-0.0054,-0.0378
2013-10-15,7.2,7.44,7.5,7.06,373749.0,星期二,-0.0055,0.0333
2013-10-14,7.15,7.24,7.42,7.08,344383.0,星期一,0.0,0.0126
2013-10-11,6.75,7.15,7.3,6.65,440998.0,星期五,0.0045,0.0593
2013-10-10,6.8,6.72,6.97,6.68,180264.0,星期四,-0.0044,-0.0118
2013-10-09,6.81,6.83,6.86,6.66,192399.0,星期三,-0.0029,0.0029
2013-10-08,6.7,6.83,7.04,6.64,333959.0,星期二,0.0,0.0194
2013-09-30,6.54,6.7,6.88,6.47,401881.0,星期一,0.0171,0.0245
2013-09-27,6.3,6.43,6.45,6.21,167587.0,星期五,0.0048,0.0206
2013-09-26,6.48,6.27,6.52,6.26,267249.0,星期四,-0.0197,-0.0324
2013-09-25,6.35,6.61,6.66,6.29,379793.0,星期三,-0.0094,0.0409
2013-09-24,6.25,6.41,6.48,6.2,323130.0,星期二,0.0016,0.0256
2013-09-23,6.11,6.24,6.25,6.1,134830.0,星期一,0.0033,0.0213
2013-09-18,6.01,6.09,6.11,6.01,88384.0,星期三,0.0,0.0133
2013-09-17,6.24,6.01,6.26,6.01,174931.0,星期二,-0.0016,-0.0369
2013-09-16,6.25,6.25,6.45,6.21,129343.0,星期一,-0.0032,0.0
2013-09-13,6.23,6.27,6.33,6.12,160771.0,星期五,0.0,0.0064
2013-09-12,6.17,6.23,6.41,6.14,187126.0,星期四,-0.0016,0.0097
2013-09-11,6.36,6.18,6.38,6.12,251331.0,星期三,0.0016,-0.0283
2013-09-10,6.16,6.35,6.55,6.12,388177.0,星期二,0.0,0.0308
2013-09-09,6.17,6.16,6.21,6.08,194177.0,星期一,0.0033,-0.0016
2013-09-06,5.96,6.15,6.18,5.92,288357.0,星期五,-0.0017,0.0319
2013-09-05,6.03,5.97,6.05,5.89,146922.0,星期四,-0.0033,-0.01
2013-09-04,6.07,6.05,6.14,5.93,150182.0,星期三,-0.0033,-0.0033
2013-09-03,5.87,6.09,6.11,5.87,160095.0,星期二,-0.0051,0.0375
2013-09-02,6.04,5.9,6.15,5.78,204870.0,星期一,-0.0066,-0.0232
2013-08-30,6.06,6.08,6.35,6.0,365901.0,星期五,-0.0016,0.0033
2013-08-29,6.18,6.07,6.2,5.98,269179.0,星期四,0.0032,-0.0178
2013-08-28,5.92,6.16,6.5,5.82,511151.0,星期三,-0.0084,0.0405
2013-08-27,5.95,5.97,6.1,5.89,290533.0,星期二,-0.0067,0.0034
2013-08-26,5.72,5.99,6.06,5.66,393361.0,星期一,0.0035,0.0472
2013-08-23,5.81,5.7,5.86,5.6,176670.0,星期五,0.0,-0.0189
2013-08-22,5.65,5.81,5.84,5.59,211085.0,星期四,-0.0018,0.0283
2013-08-21,5.62,5.66,5.68,5.52,99319.0,星期三,-0.0018,0.0071
2013-08-20,5.7,5.63,5.75,5.57,120344.0,星期二,-0.0018,-0.0123
2013-08-19,5.5,5.71,5.72,5.48,111827.0,星期一,-0.0054,0.0382
2013-08-16,5.64,5.53,5.84,5.52,151411.0,星期五,-0.007,-0.0195
2013-08-15,5.79,5.68,5.8,5.65,141417.0,星期四,-0.0069,-0.019
2013-08-14,5.87,5.83,5.95,5.77,204296.0,星期三,-0.0034,-0.0068
2013-08-13,5.81,5.89,5.92,5.73,220263.0,星期二,0.0052,0.0138
2013-08-12,5.72,5.78,5.81,5.63,217574.0,星期一,-0.0017,0.0105
2013-08-09,5.74,5.73,5.75,5.57,196925.0,星期五,0.0,-0.0017
2013-08-08,5.66,5.74,5.87,5.6,203467.0,星期四,-0.0018,0.0141
2013-08-07,5.81,5.67,5.81,5.64,240536.0,星期三,-0.0068,-0.0241
2013-08-06,5.81,5.85,6.04,5.75,385797.0,星期二,0.0,0.0069
2013-08-05,5.75,5.81,5.83,5.67,202285.0,星期一,0.0,0.0104
2013-08-02,5.73,5.75,5.8,5.67,237416.0,星期五,0.0017,0.0035
2013-08-01,5.52,5.72,5.75,5.47,316591.0,星期四,0.0,0.0362
2013-07-31,5.44,5.52,5.64,5.42,167110.0,星期三,0.0018,0.0147
2013-07-30,5.42,5.43,5.49,5.25,126117.0,星期二,0.0,0.0018
2013-07-29,5.5,5.42,5.53,5.36,179027.0,星期一,-0.0214,-0.0145
2013-07-26,5.51,5.62,5.85,5.51,287045.0,星期五,-0.0108,0.02
2013-07-25,5.63,5.57,5.68,5.41,230582.0,星期四,-0.0088,-0.0107
2013-07-24,5.52,5.68,5.72,5.44,353220.0,星期三,-0.0036,0.029
2013-07-23,5.27,5.54,5.58,5.26,210962.0,星期二,-0.0019,0.0512
2013-07-22,5.1,5.28,5.31,5.05,129544.0,星期一,-0.0211,0.0353
2013-07-19,5.47,5.21,5.59,5.2,242945.0,星期五,-0.0018,-0.0475
2013-07-18,5.39,5.48,5.55,5.34,178928.0,星期四,0.0019,0.0167
2013-07-17,5.57,5.38,5.57,5.37,174268.0,星期三,-0.0054,-0.0341
2013-07-16,5.48,5.6,5.63,5.41,256581.0,星期二,0.0018,0.0219
2013-07-15,5.37,5.47,5.54,5.37,154586.0,星期一,0.0,0.0186
2013-07-12,5.38,5.37,5.55,5.33,197868.0,星期五,-0.0037,-0.0019
2013-07-11,5.16,5.4,5.58,5.13,201621.0,星期四,0.0,0.0465
2013-07-10,5.0,5.16,5.17,4.98,108285.0,星期三,-0.002,0.032
2013-07-09,4.95,5.01,5.06,4.93,93574.0,星期二,-0.006,0.0121
2013-07-08,5.26,4.98,5.26,4.96,188461.0,星期一,-0.0331,-0.0532
2013-07-05,5.66,5.44,5.73,5.4,259681.0,星期五,0.0089,-0.0389
2013-07-04,5.39,5.61,5.79,5.35,366386.0,星期四,-0.0146,0.0408
2013-07-03,5.55,5.47,5.56,5.3,237269.0,星期三,-0.0054,-0.0144
2013-07-02,5.43,5.58,5.62,5.35,273644.0,星期二,-0.0091,0.0276
2013-07-01,5.24,5.48,5.5,5.2,216102.0,星期一,-0.0038,0.0458
2013-06-28,5.28,5.26,5.46,5.17,259769.0,星期五,-0.0112,-0.0038
2013-06-27,5.07,5.34,5.5,5.05,329785.0,星期四,-0.0078,0.0533
2013-06-26,4.94,5.11,5.12,4.8,179552.0,星期三,-0.012,0.0344
2013-06-25,5.1,5.0,5.1,4.69,273933.0,星期二,-0.0211,-0.0196
2013-06-24,5.31,5.21,5.53,5.05,293914.0,星期一,-0.0185,-0.0188
2013-06-21,5.0,5.41,5.57,4.94,415814.0,星期五,-0.0138,0.082
2013-06-20,4.95,5.07,5.25,4.94,161794.0,星期四,-0.0139,0.0242
2013-06-19,5.02,5.02,5.08,4.91,64193.0,星期三,-0.0157,0.0
2013-06-18,4.98,5.1,5.16,4.94,82962.0,星期二,0.0081,0.0241
2013-06-17,4.99,4.94,5.02,4.9,54888.0,星期一,-0.006,-0.01
2013-06-14,4.95,5.02,5.03,4.91,54748.0,星期五,0.0061,0.0141
2013-06-13,5.09,4.92,5.09,4.85,65964.0,星期四,-0.0097,-0.0334
2013-06-07,5.15,5.14,5.23,5.09,70113.0,星期五,0.0,-0.0019
2013-06-06,5.36,5.15,5.36,5.12,115212.0,星期四,0.0,-0.0392
2013-06-05,5.35,5.36,5.4,5.28,81635.0,星期三,-0.0074,0.0019
2013-06-04,5.48,5.39,5.57,5.35,122936.0,星期二,0.0,-0.0164
2013-06-03,5.5,5.48,5.58,5.44,142280.0,星期一,-0.0143,-0.0036
2013-05-31,5.8,5.58,5.99,5.56,294196.0,星期五,0.0432,-0.0379
2013-05-30,5.6,5.56,5.66,5.48,184122.0,星期四,-0.0106,-0.0071
2013-05-29,5.45,5.66,5.72,5.42,293729.0,星期三,-0.0055,0.0385
2013-05-28,5.5,5.48,5.53,5.33,147906.0,星期二,-0.0072,-0.0036
2013-05-27,5.56,5.54,5.68,5.47,159966.0,星期一,0.0183,-0.0036
2013-05-24,5.38,5.46,5.5,5.35,129260.0,星期五,-0.0037,0.0149
2013-05-23,5.38,5.4,5.62,5.35,211597.0,星期四,-0.011,0.0037
2013-05-22,5.49,5.44,5.65,5.35,234498.0,星期三,-0.0144,-0.0091
2013-05-21,5.42,5.57,5.74,5.29,410390.0,星期二,0.0093,0.0277
2013-05-20,5.08,5.37,5.43,5.08,307069.0,星期一,0.0,0.0571
2013-05-17,5.09,5.08,5.11,5.01,150807.0,星期五,-0.002,-0.002
2013-05-16,5.05,5.1,5.16,4.99,169245.0,星期四,0.0,0.0099
2013-05-15,4.98,5.05,5.08,4.96,144830.0,星期三,-0.0099,0.0141
2013-05-14,5.12,5.03,5.17,4.98,285657.0,星期二,-0.0229,-0.0176
2013-05-13,5.77,5.24,5.77,5.21,552874.0,星期一,0.0745,-0.0919
2013-05-10,5.37,5.37,5.37,5.37,167976.0,星期五,0.1004,0.0
2013-05-09,4.85,4.88,4.97,4.78,153622.0,星期四,-0.0082,0.0062
2013-05-08,4.86,4.89,4.93,4.8,153819.0,星期三,-0.0082,0.0062
2013-05-07,4.59,4.9,5.0,4.56,261937.0,星期二,0.0,0.0675
2013-05-06,4.56,4.59,4.63,4.49,65986.0,星期一,0.0156,0.0066
2013-05-03,4.43,4.49,4.59,4.41,53363.0,星期五,0.0091,0.0135
2013-05-02,4.37,4.39,4.4,4.27,30572.0,星期四,-0.0135,0.0046
2013-04-26,4.45,4.43,4.62,4.4,61506.0,星期五,0.0114,-0.0045
2013-04-25,4.48,4.4,4.52,4.4,50164.0,星期四,0.0,-0.0179
2013-04-24,4.41,4.48,4.53,4.41,50232.0,星期三,0.0023,0.0159
2013-04-23,4.69,4.4,4.69,4.39,103875.0,星期二,0.0021,-0.0618
2013-04-22,4.66,4.68,4.71,4.63,55389.0,星期一,-0.0085,0.0043
2013-04-19,4.62,4.7,4.76,4.6,67322.0,星期五,0.0022,0.0173
2013-04-18,4.55,4.61,4.64,4.51,35533.0,星期四,-0.0066,0.0132
2013-04-17,4.55,4.58,4.6,4.51,29203.0,星期三,-0.0022,0.0066
2013-04-16,4.46,4.56,4.57,4.43,31421.0,星期二,-0.0089,0.0224
2013-04-15,4.6,4.5,4.6,4.48,36318.0,星期一,0.0022,-0.0217
2013-04-12,4.67,4.59,4.7,4.58,46777.0,星期五,-0.0043,-0.0171
2013-04-11,4.68,4.69,4.75,4.66,48551.0,星期四,0.0021,0.0021
2013-04-10,4.75,4.67,4.77,4.62,54289.0,星期三,-0.0021,-0.0168
2013-04-09,4.73,4.76,4.81,4.71,55215.0,星期二,0.0,0.0063
2013-04-08,4.63,4.73,4.74,4.55,61139.0,星期一,-0.0191,0.0216
2013-04-03,4.92,4.72,4.97,4.69,81964.0,星期三,0.0041,-0.0407
2013-04-02,4.92,4.9,4.98,4.85,69848.0,星期二,0.0,-0.0041
2013-04-01,4.84,4.92,5.0,4.84,86293.0,星期一,-0.0062,0.0165
2013-03-29,4.81,4.87,4.94,4.76,91195.0,星期五,0.0021,0.0125
2013-03-28,4.95,4.8,4.96,4.8,110780.0,星期四,-0.0139,-0.0303
2013-03-27,5.06,5.02,5.12,4.94,145480.0,星期三,-0.0059,-0.0079
2013-03-26,5.01,5.09,5.23,4.95,203106.0,星期二,-0.002,0.016
2013-03-25,5.09,5.02,5.14,4.98,152261.0,星期一,-0.002,-0.0138
2013-03-22,5.15,5.1,5.23,5.07,201052.0,星期五,-0.0096,-0.0097
2013-03-21,5.01,5.2,5.3,4.96,357308.0,星期四,-0.0138,0.0379
2013-03-20,4.84,5.08,5.25,4.78,381031.0,星期三,0.0,0.0496
2013-03-19,4.9,4.84,4.91,4.75,141949.0,星期二,0.0062,-0.0122
2013-03-18,4.65,4.87,4.89,4.58,182471.0,星期一,-0.0064,0.0473
2013-03-15,4.61,4.68,4.81,4.54,101083.0,星期五,0.0022,0.0152
2013-03-14,4.57,4.6,4.66,4.53,47907.0,星期四,-0.0022,0.0066
2013-03-13,4.58,4.58,4.64,4.46,65208.0,星期三,-0.0087,0.0
2013-03-12,4.75,4.62,4.8,4.57,87188.0,星期二,-0.0042,-0.0274
2013-03-11,4.77,4.77,4.8,4.66,100563.0,星期一,-0.0145,0.0
2013-03-08,4.88,4.84,5.08,4.8,223935.0,星期五,0.0167,-0.0082
2013-03-07,4.83,4.8,4.88,4.7,116310.0,星期四,-0.0041,-0.0062
2013-03-06,4.93,4.85,4.98,4.76,157961.0,星期三,0.0,-0.0162
2013-03-05,4.76,4.93,4.97,4.64,168081.0,星期二,0.0,0.0357
2013-03-04,4.93,4.76,5.09,4.71,259038.0,星期一,-0.01,-0.0345
2013-03-01,4.82,4.98,5.03,4.76,267985.0,星期五,0.0021,0.0332
2013-02-28,4.74,4.81,4.85,4.66,185550.0,星期四,0.0042,0.0148
2013-02-27,4.61,4.72,4.74,4.59,161672.0,星期三,0.0,0.0239
2013-02-26,4.56,4.61,4.87,4.54,214551.0,星期二,-0.013,0.011
2013-02-25,4.48,4.62,4.65,4.47,150361.0,星期一,0.0067,0.0312
2013-02-22,4.48,4.45,4.52,4.44,40777.0,星期五,0.0022,-0.0067
2013-02-21,4.53,4.47,4.55,4.42,74881.0,星期四,-0.0131,-0.0132
2013-02-20,4.44,4.59,4.64,4.44,109717.0,星期三,0.0,0.0338
2013-02-19,4.57,4.44,4.57,4.41,65042.0,星期二,0.0,-0.0284
2013-02-18,4.58,4.57,4.6,4.55,48449.0,星期一,0.0044,-0.0022
2013-02-08,4.51,4.56,4.57,4.51,39400.0,星期五,0.0,0.0111
2013-02-07,4.55,4.51,4.56,4.49,41991.0,星期四,0.0022,-0.0088
2013-02-06,4.53,4.54,4.58,4.52,45778.0,星期三,-0.0066,0.0022
2013-02-05,4.5,4.56,4.63,4.47,68614.0,星期二,0.0,0.0133
2013-02-04,4.6,4.5,4.65,4.5,83977.0,星期一,-0.0065,-0.0217
2013-02-01,4.61,4.63,4.67,4.49,123954.0,星期五,0.0022,0.0043
2013-01-31,4.52,4.6,4.75,4.51,208726.0,星期四,-0.0131,0.0177
2013-01-30,4.42,4.58,4.68,4.4,243193.0,星期三,0.0,0.0362
2013-01-29,4.37,4.42,4.46,4.34,56390.0,星期二,0.0,0.0114
2013-01-28,4.25,4.37,4.37,4.25,39241.0,星期一,-0.0093,0.0282
2013-01-25,4.33,4.29,4.35,4.28,41235.0,星期五,0.0093,-0.0092
2013-01-24,4.42,4.29,4.46,4.25,82307.0,星期四,-0.0023,-0.0294
2013-01-23,4.38,4.43,4.45,4.34,52705.0,星期三,-0.0068,0.0114
2013-01-22,4.49,4.41,4.5,4.39,55533.0,星期二,0.0,-0.0178
2013-01-21,4.51,4.49,4.53,4.44,56835.0,星期一,0.0,-0.0044
2013-01-18,4.45,4.51,4.53,4.41,78623.0,星期五,0.0,0.0135
2013-01-17,4.59,4.45,4.61,4.44,90859.0,星期四,0.0022,-0.0305
2013-01-16,4.48,4.58,4.59,4.41,179662.0,星期三,0.0,0.0223
2013-01-15,4.48,4.48,4.54,4.41,135620.0,星期二,0.0067,0.0
2013-01-14,4.23,4.45,4.46,4.23,133698.0,星期一,0.0,0.052
2013-01-11,4.38,4.23,4.41,4.22,85604.0,星期五,-0.0045,-0.0342
2013-01-10,4.34,4.4,4.52,4.32,119224.0,星期四,-0.0023,0.0138
2013-01-09,4.34,4.35,4.39,4.3,58503.0,星期三,-0.0046,0.0023
2013-01-08,4.3,4.36,4.4,4.27,83888.0,星期二,-0.0023,0.014
2013-01-07,4.3,4.31,4.32,4.24,35133.0,星期一,0.0023,0.0023
2013-01-04,4.34,4.29,4.38,4.23,50138.0,星期五,0.0093,-0.0115
2012-12-31,4.34,4.3,4.43,4.27,74344.0,星期一,0.007,-0.0092
2012-12-28,4.24,4.31,4.31,4.19,85775.0,星期五,-0.007,0.0165
2012-12-27,4.21,4.27,4.35,4.16,125491.0,星期四,-0.0047,0.0143
2012-12-26,4.16,4.23,4.28,4.14,63153.0,星期三,0.0024,0.0168
2012-12-25,4.07,4.15,4.17,4.04,53303.0,星期二,0.0,0.0197
2012-12-24,4.04,4.07,4.1,4.04,19348.0,星期一,-0.0074,0.0074
2012-12-21,4.07,4.07,4.14,4.04,35088.0,星期五,0.0,0.0
2012-12-20,4.06,4.07,4.09,4.0,35379.0,星期四,-0.0049,0.0025
2012-12-19,4.11,4.08,4.14,4.07,33482.0,星期三,-0.0024,-0.0073
2012-12-18,4.06,4.12,4.22,4.01,74206.0,星期二,-0.0073,0.0148
2012-12-17,4.06,4.09,4.14,4.04,39700.0,星期一,0.0,0.0074
2012-12-14,3.88,4.06,4.08,3.86,69634.0,星期五,0.0026,0.0464
2012-12-13,3.9,3.87,3.95,3.86,23804.0,星期四,-0.0051,-0.0077
2012-12-12,3.94,3.92,3.96,3.86,26645.0,星期三,-0.0025,-0.0051
2012-12-11,3.96,3.95,4.02,3.93,35846.0,星期二,-0.005,-0.0025
2012-12-10,3.94,3.98,4.0,3.91,36482.0,星期一,0.0025,0.0102
2012-12-07,3.85,3.93,3.95,3.8,42827.0,星期五,0.0052,0.0208
2012-12-06,3.83,3.83,3.87,3.8,25307.0,星期四,0.0,0.0
2012-12-05,3.66,3.83,3.88,3.66,45195.0,星期三,-0.0081,0.0464
2012-12-04,3.62,3.69,3.7,3.56,24289.0,星期二,-0.0055,0.0193
2012-12-03,3.74,3.64,3.79,3.64,28738.0,星期一,-0.0132,-0.0267
2012-11-30,3.72,3.79,3.82,3.7,24887.0,星期五,0.0,0.0188
2012-11-29,3.82,3.72,3.86,3.71,22857.0,星期四,0.0,-0.0262
2012-11-28,3.95,3.82,3.96,3.79,21434.0,星期三,0.0,-0.0329
2012-11-27,4.08,3.95,4.1,3.95,29439.0,星期二,-0.0049,-0.0319
2012-11-26,4.16,4.1,4.17,4.09,15409.0,星期一,0.0,-0.0144
2012-11-23,4.16,4.16,4.19,4.15,11673.0,星期五,0.0024,0.0
2012-11-22,4.16,4.15,4.18,4.13,11679.0,星期四,-0.0072,-0.0024
2012-11-21,4.17,4.19,4.19,4.09,18085.0,星期三,0.0048,0.0048
2012-11-20,4.13,4.15,4.17,4.12,16948.0,星期二,0.0,0.0048
2012-11-19,4.13,4.13,4.15,4.07,17000.0,星期一,0.0,0.0
2012-11-16,4.11,4.13,4.14,4.09,18993.0,星期五,0.0,0.0049
2012-11-15,4.2,4.11,4.21,4.11,19413.0,星期四,0.0,-0.0214
2012-11-14,4.2,4.2,4.24,4.13,21605.0,星期三,-0.0024,0.0
2012-11-13,4.29,4.21,4.29,4.19,23890.0,星期二,0.0,-0.0186
2012-11-12,4.25,4.29,4.32,4.21,18706.0,星期一,0.0,0.0094
2012-11-09,4.21,4.25,4.28,4.19,39477.0,星期五,-0.0141,0.0095
2012-11-08,4.41,4.27,4.41,4.2,35452.0,星期四,-0.0023,-0.0317
2012-11-07,4.44,4.42,4.46,4.4,18966.0,星期三,0.0023,-0.0045
2012-11-06,4.48,4.43,4.48,4.36,30076.0,星期二,0.0,-0.0112
2012-11-05,4.48,4.48,4.51,4.44,29822.0,星期一,-0.0022,0.0
2012-11-02,4.41,4.49,4.51,4.4,54783.0,星期五,0.0,0.0181
2012-11-01,4.31,4.41,4.42,4.31,31555.0,星期四,-0.0023,0.0232
2012-10-31,4.36,4.32,4.36,4.27,24841.0,星期三,0.0023,-0.0092
2012-10-30,4.31,4.35,4.44,4.31,21414.0,星期二,-0.0023,0.0093
2012-10-29,4.3,4.32,4.33,4.26,16050.0,星期一,-0.0046,0.0047
2012-10-26,4.43,4.32,4.45,4.3,42534.0,星期五,0.0,-0.0248
2012-10-25,4.51,4.43,4.55,4.43,43129.0,星期四,0.0,-0.0177
2012-10-24,4.46,4.51,4.57,4.45,36646.0,星期三,-0.0045,0.0112
2012-10-23,4.52,4.48,4.57,4.48,38352.0,星期二,0.0022,-0.0088
2012-10-22,4.47,4.51,4.53,4.45,25652.0,星期一,-0.0045,0.0089
2012-10-19,4.53,4.49,4.54,4.48,31192.0,星期五,0.0,-0.0088
2012-10-18,4.46,4.53,4.54,4.45,50147.0,星期四,0.0,0.0157
2012-10-17,4.44,4.46,4.46,4.38,24893.0,星期三,0.0023,0.0045
2012-10-16,4.42,4.43,4.48,4.39,27758.0,星期二,-0.0023,0.0023
2012-10-15,4.53,4.43,4.54,4.35,57273.0,星期一,0.0022,-0.0221
2012-10-12,4.52,4.52,4.57,4.49,106508.0,星期五,-0.0153,0.0
2012-10-11,4.78,4.59,4.94,4.57,198969.0,星期四,0.0646,-0.0397
2012-10-10,4.44,4.49,4.5,4.41,57606.0,星期三,-0.0022,0.0113
2012-10-09,4.33,4.45,4.45,4.32,50266.0,星期二,0.0,0.0277
2012-10-08,4.36,4.33,4.39,4.3,21377.0,星期一,0.0,-0.0069
2012-09-28,4.27,4.36,4.36,4.26,33003.0,星期五,-0.0093,0.0211
2012-09-27,4.25,4.31,4.35,4.19,41408.0,星期四,0.0047,0.0141
2012-09-26,4.35,4.23,4.35,4.21,33414.0,星期三,0.0023,-0.0276
2012-09-25,4.42,4.34,4.44,4.3,43317.0,星期二,-0.0023,-0.0181
2012-09-24,4.38,4.43,4.48,4.34,35445.0,星期一,0.0,0.0114
2012-09-21,4.36,4.38,4.45,4.34,37057.0,星期五,-0.0023,0.0046
2012-09-20,4.52,4.37,4.52,4.33,48793.0,星期四,-0.0044,-0.0332
2012-09-19,4.47,4.54,4.59,4.43,64417.0,星期三,0.0045,0.0157
2012-09-18,4.5,4.45,4.53,4.41,34054.0,星期二,0.0067,-0.0111
2012-09-17,4.65,4.47,4.65,4.46,57782.0,星期一,0.0022,-0.0387
2012-09-14,4.62,4.64,4.7,4.54,86889.0,星期五,0.0022,0.0043
2012-09-13,4.62,4.61,4.68,4.59,73947.0,星期四,-0.0022,-0.0022
2012-09-12,4.62,4.63,4.66,4.56,54359.0,星期三,0.0,0.0022
2012-09-11,4.62,4.62,4.7,4.56,84563.0,星期二,0.0022,0.0
2012-09-10,4.59,4.61,4.67,4.55,63325.0,星期一,0.0,0.0044
2012-09-07,4.49,4.59,4.68,4.47,97323.0,星期五,0.009,0.0223
2012-09-06,4.41,4.45,4.46,4.41,25216.0,星期四,-0.0023,0.0091
2012-09-05,4.31,4.42,4.48,4.3,44678.0,星期三,-0.0069,0.0255
2012-09-04,4.39,4.34,4.43,4.32,25337.0,星期二,0.0,-0.0114
2012-09-03,4.3,4.39,4.4,4.3,25331.0,星期一,-0.0046,0.0209
2012-08-31,4.32,4.32,4.35,4.29,18754.0,星期五,0.0023,0.0
2012-08-30,4.37,4.31,4.42,4.25,35267.0,星期四,-0.0068,-0.0137
2012-08-29,4.39,4.4,4.46,4.38,25007.0,星期三,-0.0023,0.0023
2012-08-28,4.36,4.4,4.44,4.33,25151.0,星期二,0.0,0.0092
2012-08-27,4.48,4.36,4.48,4.33,41021.0,星期一,0.0,-0.0268
2012-08-24,4.6,4.48,4.63,4.45,52286.0,星期五,-0.0065,-0.0261
2012-08-23,4.58,4.63,4.66,4.57,40735.0,星期四,-0.0022,0.0109
2012-08-22,4.65,4.59,4.68,4.56,35998.0,星期三,0.0043,-0.0129
2012-08-21,4.55,4.63,4.65,4.52,57658.0,星期二,0.0,0.0176
2012-08-20,4.54,4.55,4.57,4.47,36088.0,星期一,-0.0109,0.0022
2012-08-17,4.48,4.59,4.63,4.44,55973.0,星期五,0.0,0.0246
2012-08-16,4.47,4.48,4.53,4.46,20665.0,星期四,-0.0067,0.0022
2012-08-15,4.57,4.5,4.6,4.5,34912.0,星期三,-0.0065,-0.0153
2012-08-14,4.54,4.6,4.61,4.43,56874.0,星期二,-0.0022,0.0132
2012-08-13,4.7,4.55,4.72,4.54,50923.0,星期一,-0.0042,-0.0319
2012-08-10,4.71,4.72,4.84,4.66,84596.0,星期五,0.0,0.0021
2012-08-09,4.64,4.71,4.73,4.58,62624.0,星期四,0.0,0.0151
2012-08-08,4.68,4.64,4.71,4.61,55216.0,星期三,-0.0064,-0.0085
2012-08-07,4.6,4.71,4.78,4.59,89089.0,星期二,-0.0086,0.0239
2012-08-06,4.62,4.64,4.74,4.59,76611.0,星期一,0.0244,0.0043
2012-08-03,4.41,4.51,4.51,4.39,54763.0,星期五,0.0046,0.0227
2012-08-02,4.4,4.39,4.48,4.36,27447.0,星期四,-0.009,-0.0023
2012-08-01,4.38,4.44,4.47,4.36,30063.0,星期三,0.0046,0.0137
2012-07-31,4.39,4.36,4.46,4.3,36376.0,星期二,-0.0045,-0.0068
2012-07-30,4.52,4.41,4.56,4.39,43907.0,星期一,-0.0022,-0.0243
2012-07-27,4.53,4.53,4.55,4.46,37533.0,星期五,0.0067,0.0
2012-07-26,4.57,4.5,4.61,4.46,60781.0,星期四,-0.0022,-0.0153
2012-07-25,4.68,4.58,4.75,4.58,60852.0,星期三,-0.0064,-0.0214
2012-07-24,4.67,4.71,4.79,4.63,98898.0,星期二,0.0021,0.0086
2012-07-23,4.66,4.66,4.73,4.58,87425.0,星期一,-0.0106,0.0
2012-07-20,4.87,4.71,4.96,4.68,271197.0,星期五,-0.0181,-0.0329
2012-07-19,4.5,4.96,4.97,4.48,361112.0,星期四,-0.0044,0.1022
2012-07-18,4.41,4.52,4.52,4.4,36124.0,星期三,-0.0112,0.0249
2012-07-17,4.42,4.46,4.51,4.35,40502.0,星期二,0.0114,0.009
2012-07-16,4.58,4.37,4.6,4.35,55119.0,星期一,-0.0043,-0.0459
2012-07-13,4.6,4.6,4.68,4.57,30250.0,星期五,-0.0129,0.0
2012-07-12,4.55,4.66,4.69,4.53,40962.0,星期四,-0.0044,0.0242
2012-07-11,4.53,4.57,4.6,4.51,27379.0,星期三,0.0022,0.0088
2012-07-10,4.52,4.52,4.57,4.47,31059.0,星期二,-0.0066,0.0
2012-07-09,4.71,4.55,4.72,4.53,52166.0,星期一,-0.0126,-0.034
2012-07-06,4.66,4.77,4.78,4.52,75743.0,星期五,0.0,0.0236
2012-07-05,4.88,4.66,4.88,4.65,52577.0,星期四,-0.002,-0.0451
2012-07-04,4.88,4.89,4.92,4.84,41590.0,星期三,0.0,0.002
2012-07-03,4.93,4.88,4.95,4.84,49286.0,星期二,0.0041,-0.0101
2012-07-02,4.86,4.91,4.95,4.79,70558.0,星期一,0.0062,0.0103
2012-06-29,4.82,4.83,4.85,4.58,83660.0,星期五,0.0042,0.0021
2012-06-28,4.85,4.8,4.95,4.78,69952.0,星期四,0.0189,-0.0103
2012-06-27,4.8,4.76,4.83,4.75,32641.0,星期三,0.0042,-0.0083
2012-06-26,4.82,4.78,4.84,4.71,39705.0,星期二,0.0021,-0.0083
2012-06-25,4.91,4.81,4.93,4.8,37912.0,星期一,0.0,-0.0204
2012-06-21,4.96,4.91,5.02,4.91,45094.0,星期四,-0.012,-0.0101
2012-06-20,5.07,5.02,5.12,5.02,45327.0,星期三,0.002,-0.0099
2012-06-19,5.03,5.06,5.11,5.01,53209.0,星期二,0.0,0.006
2012-06-18,5.03,5.03,5.09,5.02,44898.0,星期一,0.004,0.0
2012-06-15,4.99,5.01,5.03,4.92,53507.0,星期五,0.0,0.004
2012-06-14,5.07,4.99,5.11,4.98,50574.0,星期四,-0.0059,-0.0158
2012-06-13,5.01,5.1,5.11,5.0,63590.0,星期三,0.0,0.018
2012-06-12,5.02,5.01,5.04,4.97,38624.0,星期二,-0.004,-0.002
2012-06-11,4.92,5.04,5.04,4.9,51413.0,星期一,0.0,0.0244
2012-06-08,5.0,4.92,5.02,4.91,49195.0,星期五,0.0142,-0.016
2012-06-07,5.02,4.93,5.04,4.93,56921.0,星期四,0.0121,-0.0179
2012-06-06,5.03,4.96,5.05,4.94,49382.0,星期三,0.006,-0.0139
2012-06-05,4.98,5.0,5.06,4.98,56508.0,星期二,0.0,0.004
2012-06-04,5.2,4.98,5.21,4.97,143451.0,星期一,-0.0244,-0.0423
2012-06-01,5.49,5.33,5.51,5.28,106869.0,星期五,0.0037,-0.0291
2012-05-31,5.41,5.47,5.55,5.37,132302.0,星期四,-0.0018,0.0111
2012-05-30,5.39,5.42,5.48,5.36,87425.0,星期三,-0.0037,0.0056
2012-05-29,5.38,5.41,5.47,5.33,145351.0,星期二,0.0019,0.0056
2012-05-28,5.18,5.37,5.39,5.1,139224.0,星期一,-0.0077,0.0367
2012-05-25,5.27,5.22,5.27,5.2,74276.0,星期五,0.0096,-0.0095
2012-05-24,5.35,5.22,5.35,5.2,90777.0,星期四,0.0,-0.0243
2012-05-23,5.3,5.35,5.38,5.26,92134.0,星期三,-0.0038,0.0094
2012-05-22,5.25,5.32,5.35,5.22,104080.0,星期二,0.0038,0.0133
2012-05-21,5.4,5.23,5.46,5.2,174893.0,星期一,-0.0409,-0.0315
2012-05-17,5.6,5.63,5.66,5.52,127832.0,星期四,0.0018,0.0054
2012-05-16,5.63,5.59,5.76,5.58,163269.0,星期三,-0.0018,-0.0071
2012-05-15,5.48,5.64,5.66,5.45,134909.0,星期二,-0.0054,0.0292
2012-05-14,5.54,5.51,5.61,5.48,146918.0,星期一,0.0109,-0.0054
2012-05-11,5.63,5.48,5.66,5.47,155145.0,星期五,-0.0053,-0.0266
2012-05-10,5.6,5.66,5.69,5.58,131395.0,星期四,-0.0018,0.0107
2012-05-09,5.7,5.61,5.71,5.58,206078.0,星期三,-0.0104,-0.0158
2012-05-08,5.78,5.76,5.82,5.7,181163.0,星期二,-0.0017,-0.0035
2012-05-07,5.7,5.79,5.85,5.68,212050.0,星期一,-0.0087,0.0158
2012-05-04,5.74,5.75,5.83,5.65,295190.0,星期五,-0.0069,0.0017
2012-05-03,6.11,5.78,6.35,5.68,683726.0,星期四,-0.0286,-0.054
2012-05-02,6.69,6.29,6.69,6.15,862692.0,星期三,0.0276,-0.0598
2012-04-27,6.14,6.51,6.65,6.0,968223.0,星期五,-0.0113,0.0603
2012-04-26,6.29,6.21,6.46,6.06,785928.0,星期四,0.0,-0.0127
2012-04-25,6.29,6.29,6.5,6.14,805413.0,星期三,0.0,0.0
2012-04-24,6.3,6.29,6.51,5.98,947412.0,星期二,-0.0063,-0.0016
2012-04-23,5.78,6.34,6.39,5.73,910401.0,星期一,-0.0203,0.0969
2012-04-20,5.87,5.9,6.03,5.78,577451.0,星期五,-0.0168,0.0051
2012-04-19,5.8,5.97,6.01,5.68,704984.0,星期四,-0.0136,0.0293
2012-04-18,5.28,5.88,5.9,5.23,911898.0,星期三,-0.0149,0.1136
2012-04-17,5.2,5.36,5.38,5.08,413018.0,星期二,-0.017,0.0308
2012-04-16,5.01,5.29,5.51,4.98,520761.0,星期一,-0.0328,0.0559
2012-04-13,4.73,5.18,5.18,4.66,452490.0,星期五,0.0042,0.0951
2012-04-12,4.6,4.71,4.75,4.58,63454.0,星期四,-0.0043,0.0239
2012-04-11,4.49,4.62,4.65,4.46,50893.0,星期三,-0.0175,0.029
2012-04-10,4.48,4.57,4.58,4.4,32773.0,星期二,-0.0044,0.0201
2012-04-09,4.56,4.5,4.59,4.49,27136.0,星期一,0.0,-0.0132
2012-04-06,4.55,4.56,4.6,4.51,26762.0,星期五,0.0,0.0022
2012-04-05,4.41,4.55,4.56,4.39,38726.0,星期四,0.0,0.0317
2012-03-30,4.4,4.41,4.45,4.35,24627.0,星期五,0.0,0.0023
2012-03-29,4.49,4.4,4.5,4.36,44854.0,星期四,-0.0132,-0.02
2012-03-28,4.67,4.55,4.74,4.53,59729.0,星期三,-0.0021,-0.0257
2012-03-27,4.71,4.68,4.75,4.67,27632.0,星期二,0.0064,-0.0064
2012-03-26,4.69,4.68,4.72,4.65,22815.0,星期一,-0.0021,-0.0021
2012-03-23,4.87,4.7,4.87,4.64,65051.0,星期五,0.0,-0.0349
2012-03-22,4.86,4.87,4.91,4.83,34989.0,星期四,0.0,0.0021
2012-03-21,4.92,4.86,4.94,4.8,60766.0,星期三,0.0082,-0.0122
2012-03-20,5.02,4.88,5.04,4.82,83373.0,星期二,-0.0059,-0.0279
2012-03-19,5.05,5.05,5.07,4.97,96714.0,星期一,-0.002,0.0
2012-03-16,5.01,5.06,5.09,4.85,180030.0,星期五,-0.0118,0.01
2012-03-15,5.15,5.07,5.35,5.02,371568.0,星期四,-0.0246,-0.0155
2012-03-14,5.07,5.28,5.41,4.9,401641.0,星期三,0.004,0.0414
2012-03-13,4.92,5.05,5.08,4.9,125128.0,星期二,0.0,0.0264
2012-03-12,4.9,4.92,4.96,4.86,61144.0,星期一,0.002,0.0041
2012-03-09,4.86,4.89,4.93,4.85,81960.0,星期五,-0.0041,0.0062
2012-03-08,4.68,4.88,4.88,4.68,117541.0,星期四,-0.0043,0.0427
2012-03-07,4.68,4.7,4.76,4.65,37269.0,星期三,-0.0064,0.0043
2012-03-06,4.78,4.71,4.8,4.69,39607.0,星期二,-0.0062,-0.0146
2012-03-05,4.77,4.81,4.87,4.75,58914.0,星期一,0.0,0.0084
2012-03-02,4.67,4.77,4.78,4.67,49870.0,星期五,0.0,0.0214
2012-03-01,4.62,4.67,4.73,4.6,35882.0,星期四,-0.0065,0.0108
2012-02-29,4.74,4.65,4.76,4.65,46073.0,星期三,-0.0042,-0.019
2012-02-28,4.78,4.76,4.83,4.68,54840.0,星期二,-0.0021,-0.0042
2012-02-27,4.8,4.79,4.88,4.78,74066.0,星期一,0.0,-0.0021
2012-02-24,4.7,4.8,4.81,4.67,85760.0,星期五,-0.0021,0.0213
2012-02-23,4.73,4.71,4.78,4.65,59079.0,星期四,0.0,-0.0042
2012-02-22,4.69,4.73,4.75,4.66,89075.0,星期三,0.0,0.0085
2012-02-21,4.57,4.69,4.69,4.52,78800.0,星期二,0.0,0.0263
2012-02-20,4.69,4.57,4.69,4.56,61022.0,星期一,0.013,-0.0256
2012-02-17,4.66,4.63,4.69,4.57,60612.0,星期五,-0.0043,-0.0064
2012-02-16,4.58,4.68,4.71,4.58,107458.0,星期四,-0.0087,0.0218
2012-02-15,4.51,4.62,4.64,4.47,85434.0,星期三,0.0,0.0244
2012-02-14,4.49,4.51,4.55,4.48,52406.0,星期二,-0.0088,0.0045
2012-02-13,4.4,4.53,4.57,4.4,78993.0,星期一,-0.0135,0.0295
2012-02-10,4.41,4.46,4.49,4.38,62851.0,星期五,-0.0045,0.0113
2012-02-09,4.42,4.43,4.47,4.39,77216.0,星期四,0.0023,0.0023
2012-02-08,4.3,4.41,4.42,4.28,54926.0,星期三,0.0,0.0256
2012-02-07,4.33,4.3,4.37,4.26,37825.0,星期二,-0.0114,-0.0069
2012-02-06,4.29,4.38,4.41,4.29,62083.0,星期一,-0.0023,0.021
2012-02-03,4.23,4.3,4.35,4.22,50785.0,星期五,-0.0024,0.0165
2012-02-02,4.15,4.24,4.25,4.15,35249.0,星期四,0.0,0.0217
2012-02-01,4.23,4.15,4.25,4.14,26521.0,星期三,0.0024,-0.0189
2012-01-31,4.22,4.22,4.24,4.14,27130.0,星期二,0.0,0.0
2012-01-30,4.3,4.22,4.33,4.2,49427.0,星期一,0.0094,-0.0186
2012-01-20,4.22,4.26,4.35,4.21,71092.0,星期五,0.0048,0.0095
2012-01-19,4.18,4.2,4.3,4.17,42262.0,星期四,-0.0024,0.0048
2012-01-18,4.34,4.19,4.38,4.18,65938.0,星期三,0.0164,-0.0346
2012-01-17,4.12,4.27,4.34,4.12,49396.0,星期二,-0.0024,0.0364
2012-01-16,4.21,4.13,4.22,4.12,20085.0,星期一,0.0024,-0.019
2012-01-13,4.33,4.2,4.4,4.19,40533.0,星期五,-0.0023,-0.03
2012-01-12,4.34,4.34,4.45,4.31,60699.0,星期四,-0.0023,0.0
2012-01-11,4.43,4.35,4.48,4.34,43365.0,星期三,0.0023,-0.0181
2012-01-10,4.25,4.42,4.43,4.25,37141.0,星期二,-0.0047,0.04
2012-01-09,4.08,4.27,4.28,4.07,28305.0,星期一,-0.0024,0.0466
2012-01-06,4.08,4.09,4.12,3.98,17786.0,星期五,0.0,0.0025
2012-01-05,4.28,4.08,4.32,4.08,17771.0,星期四,0.0,-0.0467
2012-01-04,4.42,4.28,4.43,4.27,11921.0,星期三,0.0114,-0.0317
2011-12-30,4.3,4.37,4.37,4.3,14814.0,星期五,0.0,0.0163
2011-12-29,4.3,4.3,4.35,4.27,13800.0,星期四,0.0,0.0
2011-12-28,4.31,4.3,4.35,4.22,17548.0,星期三,-0.0092,-0.0023
2011-12-27,4.49,4.35,4.51,4.3,24258.0,星期二,-0.0044,-0.0312
2011-12-26,4.57,4.51,4.59,4.51,10051.0,星期一,0.0044,-0.0131
2011-12-23,4.51,4.55,4.6,4.49,15020.0,星期五,0.0,0.0089
2011-12-22,4.63,4.51,4.63,4.39,23612.0,星期四,0.0043,-0.0259
2011-12-21,4.83,4.61,4.85,4.58,16960.0,星期三,0.0126,-0.0455
2011-12-20,4.83,4.77,4.84,4.75,13853.0,星期二,0.0063,-0.0124
2011-12-19,4.76,4.8,4.8,4.64,18453.0,星期一,0.0021,0.0084
2011-12-16,4.63,4.75,4.77,4.62,17086.0,星期五,0.0022,0.0259
2011-12-15,4.85,4.62,4.85,4.59,30307.0,星期四,-0.0041,-0.0474
2011-12-14,4.99,4.87,5.02,4.86,19735.0,星期三,0.0,-0.024
2011-12-13,5.27,4.99,5.27,4.98,30596.0,星期二,0.0,-0.0531
2011-12-12,5.35,5.27,5.41,5.26,12827.0,星期一,-0.0056,-0.015
2011-12-09,5.38,5.38,5.44,5.32,20722.0,星期五,-0.0037,0.0
2011-12-08,5.43,5.4,5.47,5.28,27393.0,星期四,-0.0055,-0.0055
2011-12-07,5.43,5.46,5.49,5.39,25414.0,星期三,0.0,0.0055
2011-12-06,5.36,5.43,5.47,5.32,34668.0,星期二,-0.0019,0.0131
2011-12-05,5.46,5.37,5.49,5.32,37808.0,星期一,-0.0036,-0.0165
2011-12-02,5.5,5.48,5.54,5.39,38920.0,星期五,-0.0036,-0.0036
2011-12-01,5.49,5.52,5.65,5.43,72037.0,星期四,0.0281,0.0055
2011-11-30,5.57,5.34,5.59,5.26,54826.0,星期三,-0.0036,-0.0413
2011-11-29,5.6,5.59,5.62,5.54,47470.0,星期二,0.009,-0.0018
2011-11-28,5.49,5.55,5.57,5.42,56464.0,星期一,0.0,0.0109
2011-11-25,5.42,5.49,5.52,5.35,54286.0,星期五,-0.0073,0.0129
2011-11-24,5.36,5.46,5.48,5.33,35816.0,星期四,-0.0074,0.0187
2011-11-23,5.45,5.4,5.48,5.3,46943.0,星期三,0.0037,-0.0092
2011-11-22,5.55,5.43,5.59,5.35,49089.0,星期二,-0.0089,-0.0216
2011-11-21,5.56,5.6,5.64,5.52,42090.0,星期一,0.0,0.0072
2011-11-18,5.6,5.56,5.64,5.47,66523.0,星期五,-0.0071,-0.0071
2011-11-17,5.61,5.64,5.71,5.55,69509.0,星期四,-0.0053,0.0053
2011-11-16,5.72,5.64,5.75,5.51,86245.0,星期三,0.0018,-0.014
2011-11-15,5.73,5.71,5.76,5.62,57255.0,星期二,0.0017,-0.0035
2011-11-14,5.65,5.72,5.77,5.62,106693.0,星期一,0.0089,0.0124
2011-11-11,5.5,5.6,5.64,5.42,58625.0,星期五,0.0073,0.0182
2011-11-10,5.6,5.46,5.61,5.45,79604.0,星期四,-0.0088,-0.025
2011-11-09,5.63,5.65,5.74,5.58,93308.0,星期三,-0.0053,0.0036
2011-11-08,5.56,5.66,5.68,5.46,127925.0,星期二,-0.0054,0.018
2011-11-07,5.6,5.59,5.68,5.57,62788.0,星期一,-0.0036,-0.0018
2011-11-04,5.58,5.62,5.64,5.48,92788.0,星期五,0.009,0.0072
2011-11-03,5.61,5.53,5.69,5.52,102177.0,星期四,0.0018,-0.0143
2011-11-02,5.37,5.6,5.62,5.35,85997.0,星期三,-0.0165,0.0428
2011-11-01,5.44,5.46,5.56,5.42,65357.0,星期二,-0.0163,0.0037
2011-10-31,5.56,5.53,5.65,5.46,105071.0,星期一,-0.0036,-0.0054
2011-10-28,5.5,5.58,5.94,5.41,216786.0,星期五,0.0092,0.0145
2011-10-27,5.34,5.45,5.68,5.32,177182.0,星期四,-0.0111,0.0206
2011-10-26,5.1,5.4,5.46,5.08,151357.0,星期三,-0.0116,0.0588
2011-10-25,5.04,5.16,5.2,5.0,46909.0,星期二,-0.002,0.0238
2011-10-24,4.97,5.05,5.06,4.85,38780.0,星期一,0.004,0.0161
2011-10-21,5.03,4.95,5.03,4.93,15985.0,星期五,0.01,-0.0159
2011-10-20,5.08,4.98,5.11,4.94,35063.0,星期四,-0.0039,-0.0197
2011-10-19,5.17,5.1,5.21,5.08,38350.0,星期三,0.0039,-0.0135
2011-10-18,5.35,5.15,5.44,5.15,82744.0,星期二,-0.0111,-0.0374
2011-10-17,5.37,5.41,5.58,5.31,126306.0,星期一,-0.0074,0.0074
2011-10-14,5.34,5.41,5.46,5.28,67242.0,星期五,-0.0129,0.0131
2011-10-13,5.12,5.41,5.49,5.08,132269.0,星期四,0.002,0.0566
2011-10-12,4.96,5.11,5.13,4.91,46083.0,星期三,0.0,0.0302
2011-10-11,5.08,4.96,5.1,4.93,23787.0,星期二,0.0242,-0.0236
2011-10-10,5.0,4.96,5.02,4.96,16913.0,星期一,0.002,-0.008
2011-09-30,4.95,4.99,4.99,4.91,22173.0,星期五,0.0,0.0081
2011-09-29,5.1,4.95,5.1,4.9,37957.0,星期四,0.0,-0.0294
2011-09-28,5.23,5.1,5.28,5.08,37517.0,星期三,0.0019,-0.0249
2011-09-27,5.25,5.22,5.28,5.13,34519.0,星期二,0.0077,-0.0057
2011-09-26,5.28,5.21,5.35,5.2,29920.0,星期一,-0.0019,-0.0133
2011-09-23,5.29,5.29,5.38,5.26,34029.0,星期五,-0.0167,0.0
2011-09-22,5.55,5.38,5.56,5.38,38336.0,星期四,-0.0054,-0.0306
2011-09-21,5.45,5.58,5.65,5.4,50174.0,星期三,0.0,0.0239
2011-09-20,5.46,5.45,5.5,5.37,31183.0,星期二,0.0018,-0.0018
2011-09-19,5.68,5.45,5.68,5.44,51243.0,星期一,-0.0035,-0.0405
2011-09-16,5.82,5.7,5.84,5.69,22744.0,星期五,0.0157,-0.0206
2011-09-15,5.77,5.73,5.81,5.71,22330.0,星期四,0.0,-0.0069
2011-09-14,5.68,5.77,5.85,5.66,25176.0,星期三,-0.0035,0.0158
2011-09-13,5.64,5.7,5.81,5.56,35831.0,星期二,-0.0088,0.0106
2011-09-09,5.78,5.69,5.81,5.67,23946.0,星期五,0.0052,-0.0156
2011-09-08,5.85,5.75,5.85,5.74,35547.0,星期四,0.0069,-0.0171
2011-09-07,5.74,5.81,5.84,5.72,29605.0,星期三,0.007,0.0122
2011-09-06,5.66,5.7,5.75,5.6,28181.0,星期二,-0.0053,0.0071
2011-09-05,5.69,5.69,5.83,5.63,24168.0,星期一,-0.0104,0.0
2011-09-02,5.79,5.75,5.84,5.66,30493.0,星期五,-0.0069,-0.0069
2011-09-01,5.85,5.83,5.96,5.75,37262.0,星期四,0.0,-0.0034
2011-08-31,5.91,5.85,5.94,5.79,42286.0,星期三,-0.0017,-0.0102
2011-08-30,6.0,5.92,6.08,5.89,57834.0,星期二,0.0,-0.0133
2011-08-29,5.94,6.0,6.07,5.92,62027.0,星期一,-0.0067,0.0101
2011-08-26,5.92,5.98,6.02,5.88,66546.0,星期五,-0.0017,0.0101
2011-08-25,5.8,5.93,5.94,5.8,58569.0,星期四,0.0,0.0224
2011-08-24,5.91,5.8,5.93,5.79,52462.0,星期三,0.0034,-0.0186
2011-08-23,5.78,5.89,5.91,5.75,54541.0,星期二,0.0052,0.019
2011-08-22,5.8,5.75,5.9,5.73,47218.0,星期一,-0.0068,-0.0086
2011-08-19,5.81,5.84,5.92,5.71,77967.0,星期五,-0.0301,0.0052
2011-08-18,6.15,5.99,6.21,5.98,76296.0,星期四,-0.0032,-0.026
2011-08-17,6.11,6.17,6.23,6.11,75228.0,星期三,-0.0097,0.0098
2011-08-16,6.26,6.17,6.27,6.07,102512.0,星期二,0.0032,-0.0144
2011-08-15,6.2,6.24,6.3,6.14,128757.0,星期一,0.0032,0.0065
2011-08-12,6.21,6.18,6.26,6.09,180687.0,星期五,0.0016,-0.0048
2011-08-11,5.93,6.2,6.26,5.9,209786.0,星期四,-0.0263,0.0455
2011-08-10,5.79,6.09,6.17,5.74,232728.0,星期三,-0.0017,0.0518
2011-08-09,5.75,5.8,6.02,5.66,217274.0,星期二,-0.0336,0.0087
2011-08-08,5.9,5.95,5.99,5.5,146076.0,星期一,-0.0117,0.0085
2011-08-05,5.69,5.97,6.02,5.62,156530.0,星期五,-0.0223,0.0492
2011-08-04,5.77,5.82,5.84,5.77,31782.0,星期四,0.0,0.0087
2011-08-03,5.65,5.77,5.8,5.64,33368.0,星期三,-0.0105,0.0212
2011-08-02,5.74,5.71,5.76,5.62,36998.0,星期二,-0.0052,-0.0052
2011-08-01,5.73,5.77,5.79,5.71,21112.0,星期一,-0.0035,0.007
2011-07-29,5.82,5.75,5.85,5.7,35074.0,星期五,0.0017,-0.012
2011-07-28,5.86,5.81,5.86,5.76,39042.0,星期四,-0.0051,-0.0085
2011-07-27,5.84,5.89,5.93,5.76,39059.0,星期三,-0.0017,0.0086
2011-07-26,5.79,5.85,5.86,5.78,34033.0,星期二,-0.0017,0.0104
2011-07-25,6.09,5.8,6.1,5.79,71180.0,星期一,0.0,-0.0476
2011-07-22,6.08,6.09,6.13,6.06,40721.0,星期五,0.0016,0.0016
2011-07-21,6.24,6.07,6.24,6.06,67418.0,星期四,0.0,-0.0272
2011-07-20,6.3,6.24,6.35,6.15,108896.0,星期三,0.0,-0.0095
2011-07-19,6.15,6.3,6.34,6.1,133094.0,星期二,-0.0065,0.0244
2011-07-18,6.23,6.19,6.29,6.13,65475.0,星期一,0.0065,-0.0064
2011-07-15,6.18,6.19,6.22,6.14,52060.0,星期五,-0.0032,0.0016
2011-07-14,6.12,6.2,6.21,6.11,64830.0,星期四,-0.0016,0.0131
2011-07-13,6.05,6.13,6.14,6.02,49811.0,星期三,0.0,0.0132
2011-07-12,6.1,6.05,6.11,6.02,51920.0,星期二,-0.0097,-0.0082
2011-07-11,6.13,6.16,6.19,6.08,34601.0,星期一,0.0016,0.0049
2011-07-08,6.18,6.12,6.21,6.09,46200.0,星期五,-0.0016,-0.0097
2011-07-07,6.23,6.19,6.27,6.18,57571.0,星期四,-0.0032,-0.0064
2011-07-06,6.21,6.25,6.28,6.19,51424.0,星期三,-0.0048,0.0064
2011-07-05,6.26,6.24,6.29,6.18,70593.0,星期二,-0.0016,-0.0032
2011-07-04,6.12,6.27,6.34,6.12,103651.0,星期一,0.0049,0.0245
2011-07-01,6.08,6.09,6.19,6.06,58380.0,星期五,0.0,0.0016
2011-06-30,6.01,6.08,6.1,6.01,38812.0,星期四,0.0,0.0116
2011-06-29,6.11,6.01,6.15,6.0,63729.0,星期三,-0.0049,-0.0164
2011-06-28,6.17,6.14,6.29,6.08,97190.0,星期二,-0.0112,-0.0049
2011-06-27,6.15,6.24,6.38,6.1,186295.0,星期一,-0.0049,0.0146
2011-06-24,5.8,6.18,6.32,5.78,169064.0,星期五,-0.0017,0.0655
2011-06-23,5.71,5.81,5.82,5.62,42952.0,星期四,0.0018,0.0175
2011-06-22,5.74,5.7,5.77,5.67,21192.0,星期三,0.0,-0.007
2011-06-21,5.65,5.74,5.74,5.65,20506.0,星期二,-0.0018,0.0159
2011-06-20,5.8,5.66,5.8,5.62,32737.0,星期一,-0.0034,-0.0241
2011-06-17,5.92,5.82,5.94,5.81,35776.0,星期五,0.0,-0.0169
2011-06-16,5.97,5.92,6.03,5.89,39540.0,星期四,-0.0033,-0.0084
2011-06-15,6.07,5.99,6.08,5.98,36113.0,星期三,-0.0016,-0.0132
2011-06-14,5.99,6.08,6.11,5.93,44428.0,星期二,0.0034,0.015
2011-06-13,5.95,5.97,5.99,5.87,23252.0,星期一,-0.005,0.0034
2011-06-10,5.98,5.98,6.02,5.8,45652.0,星期五,0.0,0.0
2011-06-09,6.09,5.98,6.13,5.98,47758.0,星期四,-0.0016,-0.0181
2011-06-08,6.08,6.1,6.12,5.99,41745.0,星期三,0.0,0.0033
2011-06-07,6.04,6.08,6.11,6.03,32113.0,星期二,-0.0017,0.0066
2011-06-03,6.0,6.05,6.09,6.0,36749.0,星期五,0.005,0.0083
2011-06-02,6.0,5.97,6.09,5.91,47811.0,星期四,-0.0115,-0.005
2011-06-01,6.06,6.07,6.08,5.99,40719.0,星期三,0.0017,0.0017
2011-05-31,5.91,6.05,6.06,5.9,38224.0,星期二,0.0,0.0237
2011-05-30,6.06,5.91,6.08,5.88,45150.0,星期一,0.0017,-0.0248
2011-05-27,6.28,6.05,6.35,6.03,72435.0,星期五,0.0,-0.0366
2011-05-26,6.28,6.28,6.43,6.24,64172.0,星期四,0.0064,0.0
2011-05-25,6.33,6.24,6.37,6.23,43716.0,星期三,0.0,-0.0142
2011-05-24,6.38,6.33,6.4,6.21,61261.0,星期二,0.0016,-0.0078
2011-05-23,6.7,6.37,6.72,6.36,141907.0,星期一,-0.0118,-0.0493
2011-05-19,6.96,6.78,7.15,6.76,186884.0,星期四,0.0072,-0.0259
2011-05-18,6.79,6.91,6.93,6.76,136861.0,星期三,-0.0059,0.0177
2011-05-17,6.72,6.83,6.84,6.6,93297.0,星期二,-0.003,0.0164
2011-05-16,6.76,6.74,6.86,6.71,92375.0,星期一,-0.0015,-0.003
2011-05-13,6.65,6.77,6.79,6.6,99033.0,星期五,0.0061,0.018
2011-05-12,6.68,6.61,6.78,6.6,90048.0,星期四,-0.0104,-0.0105
2011-05-11,6.57,6.75,6.84,6.52,112989.0,星期三,0.0,0.0274
2011-05-10,6.51,6.57,6.58,6.48,44337.0,星期二,0.0031,0.0092
2011-05-09,6.49,6.49,6.55,6.46,43893.0,星期一,0.0,0.0
2011-05-06,6.44,6.49,6.54,6.38,50352.0,星期五,-0.0138,0.0078
2011-05-05,6.47,6.53,6.6,6.45,45321.0,星期四,-0.0046,0.0093
2011-05-04,6.69,6.5,6.69,6.41,74711.0,星期三,-0.0015,-0.0284
2011-05-03,6.61,6.7,6.7,6.57,50218.0,星期二,-0.0015,0.0136
2011-04-29,6.53,6.62,6.62,6.5,38391.0,星期五,0.0031,0.0138
2011-04-28,6.71,6.51,6.76,6.48,72016.0,星期四,0.0045,-0.0298
2011-04-27,6.7,6.68,6.78,6.6,58644.0,星期三,0.003,-0.003
2011-04-26,6.79,6.68,6.84,6.6,89529.0,星期二,-0.0029,-0.0162
2011-04-25,7.06,6.81,7.08,6.78,139847.0,星期一,0.0,-0.0354
2011-04-22,7.16,7.06,7.18,7.03,128516.0,星期五,0.0028,-0.014
2011-04-21,7.36,7.14,7.36,7.12,205718.0,星期四,0.0152,-0.0299
2011-04-20,7.18,7.25,7.4,7.15,295501.0,星期三,0.0042,0.0097
2011-04-19,7.1,7.15,7.25,7.05,282319.0,星期二,-0.0014,0.007
2011-04-18,7.05,7.11,7.18,7.02,184606.0,星期一,-0.0028,0.0085
2011-04-15,6.88,7.07,7.12,6.86,273451.0,星期五,0.0,0.0276
2011-04-14,6.93,6.88,6.95,6.85,79507.0,星期四,-0.0029,-0.0072
2011-04-13,6.85,6.95,6.97,6.8,104949.0,星期三,0.0,0.0146
2011-04-12,6.76,6.85,6.88,6.76,74427.0,星期二,-0.0029,0.0133
2011-04-11,6.91,6.78,6.94,6.77,104251.0,星期一,-0.0014,-0.0188
2011-04-08,6.96,6.92,6.96,6.85,75884.0,星期五,0.0043,-0.0057
2011-04-07,6.83,6.93,6.93,6.8,88497.0,星期四,0.0,0.0146
2011-04-06,6.77,6.83,6.84,6.75,62270.0,星期三,-0.0044,0.0089
2011-04-01,6.72,6.8,6.8,6.7,50412.0,星期五,0.0,0.0119
2011-03-31,6.78,6.72,6.87,6.69,75233.0,星期四,0.0,-0.0088
2011-03-30,6.82,6.78,6.85,6.67,101182.0,星期三,-0.0015,-0.0059
2011-03-29,6.98,6.83,6.98,6.82,110995.0,星期二,-0.0014,-0.0215
2011-03-28,7.06,6.99,7.07,6.95,97685.0,星期一,0.0057,-0.0099
2011-03-25,7.0,7.02,7.03,6.96,87495.0,星期五,0.0014,0.0029
2011-03-24,6.92,6.99,7.03,6.9,96801.0,星期四,-0.0014,0.0101
2011-03-23,6.87,6.93,6.93,6.83,66332.0,星期三,0.0,0.0087
2011-03-22,6.95,6.87,6.97,6.81,53191.0,星期二,0.0058,-0.0115
2011-03-21,6.86,6.91,6.93,6.83,65531.0,星期一,-0.0015,0.0073
2011-03-18,6.84,6.87,6.93,6.84,61408.0,星期五,0.0044,0.0044
2011-03-17,6.95,6.81,6.96,6.76,101902.0,星期四,-0.01,-0.0201
2011-03-16,6.88,7.02,7.05,6.88,114681.0,星期三,-0.0015,0.0203
2011-03-15,7.13,6.89,7.13,6.69,167578.0,星期二,0.0,-0.0337
2011-03-14,7.07,7.13,7.16,7.03,101419.0,星期一,-0.0028,0.0085
2011-03-11,7.07,7.09,7.2,7.04,139447.0,星期五,-0.0042,0.0028
2011-03-10,7.26,7.1,7.27,7.09,168881.0,星期四,-0.0055,-0.022
2011-03-09,7.25,7.3,7.34,7.19,186435.0,星期三,0.0,0.0069
2011-03-08,7.21,7.25,7.3,7.17,158903.0,星期二,-0.0014,0.0055
2011-03-07,7.2,7.22,7.25,7.14,170647.0,星期一,0.0,0.0028
2011-03-04,7.1,7.2,7.27,7.1,159452.0,星期五,0.0042,0.0141
2011-03-03,7.28,7.07,7.34,7.05,206810.0,星期四,0.0014,-0.0288
2011-03-02,7.29,7.27,7.43,7.13,267809.0,星期三,-0.0135,-0.0027
2011-03-01,7.22,7.39,7.48,7.09,507801.0,星期二,-0.015,0.0235
2011-02-28,6.83,7.33,7.52,6.81,646080.0,星期一,-0.0015,0.0732
2011-02-25,6.92,6.84,6.94,6.79,144213.0,星期五,0.0044,-0.0116
2011-02-24,6.78,6.89,6.94,6.72,245808.0,星期四,-0.0044,0.0162
2011-02-23,6.51,6.81,6.96,6.48,285664.0,星期三,-0.0046,0.0461
2011-02-22,6.77,6.54,6.82,6.5,147196.0,星期二,0.0059,-0.034
2011-02-21,6.55,6.73,6.75,6.52,123894.0,星期一,-0.0076,0.0275
2011-02-18,6.74,6.6,6.77,6.57,138863.0,星期五,-0.0059,-0.0208
2011-02-17,6.65,6.78,6.84,6.64,242482.0,星期四,0.0091,0.0195
2011-02-16,6.52,6.59,6.61,6.48,102121.0,星期三,-0.0015,0.0107
2011-02-15,6.51,6.53,6.64,6.49,133432.0,星期二,-0.0046,0.0031
2011-02-14,6.49,6.54,6.57,6.42,140234.0,星期一,0.0,0.0077
2011-02-11,6.4,6.49,6.54,6.38,100241.0,星期五,0.0,0.0141
2011-02-10,6.23,6.4,6.43,6.23,81427.0,星期四,-0.0048,0.0273
2011-02-09,6.27,6.26,6.41,6.23,67054.0,星期三,-0.0079,-0.0016
2011-02-01,6.26,6.32,6.38,6.23,72866.0,星期二,0.0016,0.0096
2011-01-31,6.19,6.25,6.3,6.14,72923.0,星期一,0.0,0.0097
2011-01-28,6.12,6.19,6.23,6.12,55538.0,星期五,-0.0097,0.0114
2011-01-27,6.1,6.18,6.22,6.06,64593.0,星期四,-0.0065,0.0131
2011-01-26,6.08,6.14,6.15,6.05,46729.0,星期三,0.0,0.0099
2011-01-25,6.09,6.08,6.14,6.02,52470.0,星期二,0.0,-0.0016
2011-01-24,6.16,6.09,6.2,6.06,57556.0,星期一,-0.0048,-0.0114
2011-01-21,6.13,6.19,6.26,6.08,77860.0,星期五,-0.0016,0.0098
2011-01-20,6.58,6.14,6.58,6.1,132344.0,星期四,-0.003,-0.0669
2011-01-19,6.57,6.6,6.76,6.41,154424.0,星期三,0.0,0.0046
2011-01-18,6.6,6.57,6.87,6.49,192419.0,星期二,-0.0045,-0.0045
2011-01-17,6.5,6.63,6.68,6.28,229004.0,星期一,-0.0076,0.02
2011-01-14,6.56,6.55,6.75,6.43,213370.0,星期五,-0.0076,-0.0015
2011-01-13,6.35,6.61,6.69,6.29,233324.0,星期四,-0.0016,0.0409
2011-01-12,6.15,6.36,6.38,6.06,134568.0,星期三,0.0016,0.0341
2011-01-11,6.07,6.14,6.2,6.02,59386.0,星期二,-0.0033,0.0115
2011-01-10,6.3,6.09,6.35,6.05,59671.0,星期一,-0.0063,-0.0333
2011-01-07,6.38,6.34,6.44,6.29,75161.0,星期五,0.0016,-0.0063
2011-01-06,6.35,6.37,6.41,6.32,50149.0,星期四,-0.0047,0.0031
2011-01-05,6.4,6.38,6.4,6.28,88323.0,星期三,-0.0031,-0.0031
2011-01-04,6.2,6.42,6.47,6.2,119893.0,星期二,0.0032,0.0355
2010-12-31,6.12,6.18,6.21,6.1,49009.0,星期五,0.0066,0.0098
2010-12-30,6.12,6.08,6.15,6.06,52415.0,星期四,0.0,-0.0065
2010-12-29,6.02,6.12,6.12,6.02,39122.0,星期三,0.0,0.0166
2010-12-28,6.24,6.02,6.24,6.0,82084.0,星期二,-0.0048,-0.0353
2010-12-27,6.53,6.27,6.6,6.24,86395.0,星期一,-0.0031,-0.0398
2010-12-24,6.58,6.55,6.58,6.46,52680.0,星期五,-0.0015,-0.0046
2010-12-23,6.6,6.59,6.63,6.52,62991.0,星期四,-0.0015,-0.0015
2010-12-22,6.71,6.61,6.74,6.59,72737.0,星期三,0.0015,-0.0149
2010-12-21,6.59,6.7,6.73,6.54,83272.0,星期二,0.0,0.0167
2010-12-20,6.79,6.59,6.8,6.48,125556.0,星期一,0.0044,-0.0295
2010-12-17,6.81,6.76,6.85,6.73,75909.0,星期五,0.0029,-0.0073
2010-12-16,6.88,6.79,6.91,6.78,104770.0,星期四,0.0015,-0.0131
2010-12-15,6.91,6.87,7.03,6.83,151431.0,星期三,-0.0043,-0.0058
2010-12-14,6.89,6.94,6.96,6.8,144125.0,星期二,0.0,0.0073
2010-12-13,6.75,6.89,6.9,6.72,156219.0,星期一,-0.0059,0.0207
2010-12-10,6.76,6.79,6.84,6.71,159801.0,星期五,0.0015,0.0044
2010-12-09,6.62,6.75,6.76,6.54,122927.0,星期四,-0.0045,0.0196
2010-12-08,6.72,6.65,6.75,6.64,81228.0,星期三,-0.0059,-0.0104
2010-12-07,6.65,6.76,6.77,6.51,96453.0,星期二,-0.0015,0.0165
2010-12-06,6.75,6.66,6.8,6.54,84517.0,星期一,0.0,-0.0133
2010-12-03,6.87,6.75,6.93,6.69,106922.0,星期五,0.0,-0.0175
2010-12-02,6.97,6.87,6.99,6.85,122017.0,星期四,0.0101,-0.0143
2010-12-01,6.8,6.9,6.91,6.72,108116.0,星期三,-0.0102,0.0147
2010-11-30,7.19,6.87,7.19,6.69,246633.0,星期二,-0.011,-0.0445
2010-11-29,7.26,7.27,7.37,7.14,141832.0,星期一,-0.1684,0.0014
2010-11-26,8.91,8.73,8.96,8.7,209251.0,星期五,0.0034,-0.0202
2010-11-25,8.85,8.88,9.05,8.72,243054.0,星期四,0.0068,0.0034
2010-11-24,8.54,8.79,8.84,8.5,219377.0,星期三,-0.0127,0.0293
2010-11-23,8.55,8.65,8.79,8.38,299006.0,星期二,0.0094,0.0117
2010-11-22,8.19,8.47,8.66,8.11,227795.0,星期一,-0.0097,0.0342
2010-11-19,8.12,8.27,8.27,8.0,167795.0,星期五,0.0037,0.0185
2010-11-18,8.09,8.09,8.19,7.71,187444.0,星期四,0.0,0.0
2010-11-17,8.79,8.09,8.79,7.97,418297.0,星期三,-0.0079,-0.0796
2010-11-16,8.41,8.86,8.86,8.41,336434.0,星期二,0.0447,0.0535
2010-11-12,8.88,8.05,8.89,8.04,342352.0,星期五,-0.0056,-0.0935
2010-11-11,8.99,8.93,9.24,8.86,348850.0,星期四,-0.0055,-0.0067
2010-11-10,9.01,9.04,9.1,8.82,255292.0,星期三,-0.0044,0.0033
2010-11-09,9.28,9.05,9.29,8.98,301988.0,星期二,0.0054,-0.0248
2010-11-08,8.99,9.23,9.34,8.92,418003.0,星期一,0.0011,0.0267
2010-11-05,8.73,8.98,9.09,8.73,359213.0,星期五,0.0,0.0286
2010-11-04,8.62,8.73,8.8,8.55,192324.0,星期四,0.007,0.0128
2010-11-03,8.9,8.56,8.9,8.53,290623.0,星期三,0.0,-0.0382
2010-11-02,8.9,8.9,9.24,8.81,507858.0,星期二,-0.0034,0.0
2010-11-01,8.82,8.93,8.98,8.57,421393.0,星期一,0.0034,0.0125
2010-10-29,8.75,8.79,8.93,8.54,262540.0,星期五,0.0127,0.0046
2010-10-28,8.9,8.64,8.98,8.5,389108.0,星期四,-0.0078,-0.0292
2010-10-27,8.75,8.97,9.3,8.71,808454.0,星期三,0.0023,0.0251
2010-10-26,8.49,8.73,8.86,8.41,426495.0,星期二,0.0035,0.0283
2010-10-25,8.27,8.46,8.57,8.27,276681.0,星期一,0.0,0.023
2010-10-22,8.32,8.27,8.33,8.14,167436.0,星期五,0.0048,-0.006
2010-10-21,8.03,8.28,8.35,8.02,269565.0,星期四,0.0063,0.0311
2010-10-20,7.95,7.98,8.09,7.86,181174.0,星期三,-0.0185,0.0038
2010-10-19,7.89,8.1,8.17,7.86,155166.0,星期二,0.0077,0.0266
2010-10-18,8.19,7.83,8.2,7.7,226245.0,星期一,-0.0061,-0.044
2010-10-15,8.15,8.24,8.54,8.1,230097.0,星期五,-0.0049,0.011
2010-10-14,8.58,8.19,8.64,8.16,305402.0,星期四,-0.0115,-0.0455
2010-10-13,8.15,8.68,8.9,8.11,524599.0,星期三,0.0049,0.065
2010-10-12,8.15,8.11,8.17,8.08,181566.0,星期二,-0.0024,-0.0049
2010-10-11,8.04,8.17,8.25,8.04,194554.0,星期一,0.0,0.0162
2010-10-08,7.98,8.04,8.08,7.89,151824.0,星期五,0.0114,0.0075
2010-09-30,7.8,7.89,7.91,7.73,100271.0,星期四,-0.0026,0.0115
2010-09-29,8.01,7.82,8.07,7.8,143457.0,星期三,0.0,-0.0237
2010-09-28,8.11,8.01,8.21,7.96,151949.0,星期二,0.005,-0.0123
2010-09-27,7.86,8.07,8.12,7.85,123800.0,星期一,0.0051,0.0267
2010-09-21,7.81,7.82,7.88,7.74,92317.0,星期二,0.0039,0.0013
2010-09-20,8.0,7.78,8.07,7.75,139512.0,星期一,0.005,-0.0275
2010-09-17,8.2,7.96,8.24,7.91,190538.0,星期五,0.0049,-0.0293
2010-09-16,8.51,8.16,8.61,8.05,312805.0,星期四,-0.0058,-0.0411
2010-09-15,8.86,8.56,8.87,8.5,366573.0,星期三,-0.0089,-0.0339
2010-09-14,8.86,8.94,9.15,8.81,493051.0,星期二,0.0011,0.009
2010-09-13,8.98,8.85,9.06,8.71,353725.0,星期一,0.0079,-0.0145
2010-09-10,8.99,8.91,9.07,8.71,515130.0,星期五,-0.0143,-0.0089
2010-09-09,8.6,9.12,9.37,8.51,904224.0,星期四,0.0,0.0605
2010-09-08,8.58,8.6,8.7,8.39,324888.0,星期三,0.0012,0.0023
2010-09-07,8.4,8.57,8.75,8.35,309994.0,星期二,-0.0071,0.0202
2010-09-06,8.75,8.46,8.75,8.4,423618.0,星期一,0.0011,-0.0331
2010-09-03,8.52,8.74,8.95,8.42,701304.0,星期五,-0.0105,0.0258
2010-09-02,8.62,8.61,8.85,8.43,527041.0,星期四,0.007,-0.0012
2010-09-01,8.92,8.56,8.92,8.39,596056.0,星期三,0.0034,-0.0404
2010-08-31,8.84,8.89,9.18,8.73,899896.0,星期二,-0.021,0.0057
2010-08-30,8.39,9.03,9.1,8.3,1081871.0,星期一,0.0,0.0763
2010-08-27,8.55,8.39,8.65,8.32,738527.0,星期五,-0.0206,-0.0187
2010-08-26,9.03,8.73,9.17,8.61,1207638.0,星期四,-0.0564,-0.0332
2010-08-25,9.14,9.57,9.57,8.47,1702424.0,星期三,0.0506,0.047
2010-08-24,8.23,8.7,8.7,8.17,838487.0,星期二,0.0405,0.0571
2010-08-23,7.26,7.91,7.91,7.26,789303.0,星期一,0.0097,0.0895
2010-08-20,7.11,7.19,7.44,6.95,380359.0,星期五,-0.0042,0.0113
2010-08-19,7.12,7.14,7.23,7.04,176171.0,星期四,0.0014,0.0028
2010-08-18,7.15,7.11,7.2,7.01,212454.0,星期三,-0.0069,-0.0056
2010-08-17,7.01,7.2,7.28,6.98,330534.0,星期二,-0.0028,0.0271
2010-08-16,6.78,7.03,7.12,6.74,365209.0,星期一,-0.0015,0.0369
2010-08-13,6.71,6.79,6.8,6.6,137023.0,星期五,0.0,0.0119
2010-08-12,6.53,6.71,6.95,6.5,233991.0,星期四,-0.0121,0.0276
2010-08-11,6.55,6.61,6.68,6.53,124224.0,星期三,0.0,0.0092
2010-08-10,6.91,6.55,6.93,6.52,203064.0,星期二,-0.0014,-0.0521
2010-08-09,6.87,6.92,6.96,6.8,185128.0,星期一,-0.0015,0.0073
2010-08-06,6.75,6.88,6.89,6.62,247933.0,星期五,-0.0059,0.0193
2010-08-05,6.84,6.79,6.91,6.7,249175.0,星期四,0.0044,-0.0073
2010-08-04,6.52,6.81,6.83,6.51,248757.0,星期三,-0.0061,0.0445
2010-08-03,6.73,6.56,6.73,6.55,203119.0,星期二,0.0,-0.0253
2010-08-02,6.68,6.73,6.77,6.61,228767.0,星期一,0.003,0.0075
2010-07-30,6.77,6.66,6.77,6.56,314160.0,星期五,0.0015,-0.0162
2010-07-29,6.56,6.76,6.77,6.52,569444.0,星期四,0.0108,0.0305
2010-07-28,6.16,6.49,6.64,6.16,331444.0,星期三,-0.0016,0.0536
2010-07-27,6.2,6.17,6.24,6.14,87466.0,星期二,-0.008,-0.0048
2010-07-26,6.25,6.25,6.28,6.16,96913.0,星期一,0.0048,0.0
2010-07-23,6.34,6.22,6.35,6.13,122224.0,星期五,0.0032,-0.0189
2010-07-22,6.12,6.32,6.33,6.08,158128.0,星期四,-0.0033,0.0327
2010-07-21,6.2,6.14,6.34,6.1,206083.0,星期三,0.0,-0.0097
2010-07-20,5.94,6.2,6.26,5.92,224822.0,星期二,0.0017,0.0438
2010-07-19,5.72,5.93,5.97,5.7,113501.0,星期一,-0.0121,0.0367
2010-07-16,5.68,5.79,5.82,5.63,74659.0,星期五,-0.007,0.0194
2010-07-15,5.9,5.72,6.0,5.7,133530.0,星期四,-0.0117,-0.0305
2010-07-14,5.73,5.97,6.27,5.7,252522.0,星期三,-0.0017,0.0419
2010-07-13,5.7,5.74,5.85,5.54,127728.0,星期二,-0.0155,0.007
2010-07-12,5.75,5.79,5.88,5.68,112376.0,星期一,0.0,0.007
2010-07-09,5.61,5.75,5.84,5.6,111869.0,星期五,-0.0036,0.025
2010-07-08,5.7,5.63,5.75,5.56,89404.0,星期四,-0.0087,-0.0123
2010-07-07,5.58,5.75,5.77,5.53,97568.0,星期三,0.0,0.0305
2010-07-06,5.37,5.58,5.65,5.36,92817.0,星期二,-0.0037,0.0391
2010-07-05,5.35,5.39,5.44,5.25,47234.0,星期一,-0.0147,0.0075
2010-07-02,5.35,5.43,5.46,5.16,64795.0,星期五,-0.0093,0.015
2010-07-01,5.42,5.4,5.55,5.38,69234.0,星期四,0.015,-0.0037
2010-06-30,5.5,5.34,5.59,5.32,69612.0,星期三,-0.0196,-0.0291
2010-06-29,6.1,5.61,6.14,5.6,90286.0,星期二,-0.0016,-0.0803
2010-06-28,6.18,6.11,6.23,6.08,35427.0,星期一,-0.0032,-0.0113
2010-06-25,6.28,6.2,6.31,6.1,61716.0,星期五,0.0,-0.0127
2010-06-24,6.34,6.28,6.38,6.24,55128.0,星期四,0.0,-0.0095
2010-06-23,6.4,6.34,6.45,6.26,85936.0,星期三,-0.0062,-0.0094
2010-06-22,6.21,6.44,6.48,6.2,135197.0,星期二,-0.0064,0.037
2010-06-21,6.09,6.25,6.26,6.0,83833.0,星期一,0.0033,0.0263
2010-06-18,6.43,6.07,6.44,6.0,109859.0,星期五,0.0,-0.056
2010-06-17,6.67,6.43,6.7,6.43,95938.0,星期四,0.0076,-0.036
2010-06-11,6.75,6.62,6.78,6.6,104991.0,星期五,0.0075,-0.0193
2010-06-10,6.7,6.7,6.79,6.68,143827.0,星期四,-0.0162,0.0
2010-06-09,6.83,6.81,6.85,6.59,282686.0,星期三,0.0,-0.0029
2010-06-08,6.65,6.83,7.08,6.54,325892.0,星期二,-0.0075,0.0271
2010-06-07,6.49,6.7,6.98,6.4,108174.0,星期一,-0.3516,0.0324
2010-06-04,9.82,10.01,10.1,9.77,104863.0,星期五,-0.0041,0.0193
2010-06-03,10.0,9.86,10.1,9.85,98865.0,星期四,-0.001,-0.014
2010-06-02,9.51,10.01,10.03,9.51,97863.0,星期三,-0.0011,0.0526
2010-06-01,9.56,9.52,9.72,9.23,70782.0,星期二,-0.0062,-0.0042
2010-05-31,9.82,9.62,10.02,9.56,92581.0,星期一,0.0,-0.0204
2010-05-28,10.09,9.82,10.16,9.72,108218.0,星期五,0.011,-0.0268
2010-05-27,9.7,9.98,10.02,9.64,98060.0,星期四,-0.0041,0.0289
2010-05-26,9.8,9.74,9.9,9.61,84270.0,星期三,-0.0091,-0.0061
2010-05-25,9.7,9.89,10.03,9.57,174894.0,星期二,0.001,0.0196
2010-05-24,9.08,9.69,9.69,9.08,121416.0,星期一,0.0306,0.0672
2010-05-20,8.95,8.81,9.25,8.77,47670.0,星期四,-0.0121,-0.0156
2010-05-19,9.13,9.06,9.28,8.86,48628.0,星期三,-0.0065,-0.0077
2010-05-18,9.45,9.19,9.55,8.72,70651.0,星期二,0.0,-0.0275
2010-05-17,9.86,9.45,10.04,9.38,55632.0,星期一,-0.014,-0.0416
2010-05-14,9.66,10.0,10.1,9.66,53701.0,星期五,-0.0173,0.0352
2010-05-13,9.65,9.83,9.85,9.45,38649.0,星期四,0.0052,0.0187
2010-05-12,9.79,9.6,10.0,9.41,47467.0,星期三,-0.001,-0.0194
2010-05-11,10.46,9.8,10.55,9.78,51205.0,星期二,0.0245,-0.0631
2010-05-10,10.43,10.21,10.6,9.83,47567.0,星期一,0.0019,-0.0211
2010-05-07,10.3,10.41,10.7,10.22,48109.0,星期五,-0.0301,0.0107
2010-05-06,10.86,10.62,11.14,10.6,72407.0,星期四,0.0,-0.0221
2010-05-05,10.56,10.86,10.89,10.5,45721.0,星期三,-0.0075,0.0284
2010-05-04,10.42,10.64,10.83,10.31,37031.0,星期二,-0.0198,0.0211
2010-04-30,10.99,10.63,11.04,10.2,77021.0,星期五,0.0083,-0.0328
2010-04-29,11.6,10.9,11.78,10.83,89089.0,星期四,0.0078,-0.0603
2010-04-28,11.99,11.51,12.0,11.46,98537.0,星期三,-0.0083,-0.04
2010-04-27,12.2,12.09,12.34,11.66,101138.0,星期二,0.0058,-0.009
2010-04-26,11.83,12.13,12.21,11.82,77312.0,星期一,0.0017,0.0254
2010-04-23,11.65,11.81,12.08,11.65,73600.0,星期五,-0.0043,0.0137
2010-04-22,11.79,11.7,11.93,11.55,82306.0,星期四,0.0,-0.0076
2010-04-21,11.35,11.79,11.95,11.23,105441.0,星期三,0.0044,0.0388
2010-04-20,11.15,11.3,11.34,10.81,70466.0,星期二,-0.0089,0.0135
2010-04-19,12.15,11.25,12.15,11.21,111881.0,星期一,-0.0098,-0.0741
2010-04-16,12.25,12.27,12.34,12.16,48263.0,星期五,-0.0089,0.0016
2010-04-15,12.28,12.36,12.38,12.13,84532.0,星期四,-0.0024,0.0065
2010-04-14,12.49,12.31,12.53,12.11,105250.0,星期三,0.0024,-0.0144
2010-04-13,13.13,12.46,13.2,12.21,159245.0,星期二,0.0,-0.051
2010-04-12,13.02,13.13,13.28,13.0,129242.0,星期一,0.0,0.0084
2010-04-09,12.84,13.02,13.09,12.84,101724.0,星期五,-0.0039,0.014
2010-04-08,12.78,12.89,12.96,12.65,88580.0,星期四,-0.0031,0.0086
2010-04-07,12.75,12.82,12.88,12.7,68824.0,星期三,-0.0055,0.0055
2010-04-06,12.85,12.82,12.92,12.66,131310.0,星期二,-0.0054,-0.0023
2010-04-02,13.3,12.92,13.38,12.9,245970.0,星期五,0.0008,-0.0286
2010-04-01,13.13,13.29,13.58,13.12,278439.0,星期四,0.0061,0.0122
2010-03-31,12.91,13.05,13.2,12.85,180138.0,星期三,-0.0031,0.0108
2010-03-30,13.0,12.95,13.29,12.88,202413.0,星期二,-0.0038,-0.0038
2010-03-29,13.01,13.05,13.27,12.78,179850.0,星期一,0.0023,0.0031
2010-03-26,12.75,12.98,13.19,12.63,182879.0,星期五,-0.0047,0.018
2010-03-25,12.98,12.81,12.98,12.65,108573.0,星期四,-0.0008,-0.0131
2010-03-24,12.9,12.99,13.09,12.65,214662.0,星期三,-0.0107,0.007
2010-03-23,13.09,13.04,13.5,12.62,271857.0,星期二,-0.0023,-0.0038
2010-03-22,12.48,13.12,13.16,12.43,241037.0,星期一,-0.0064,0.0513
2010-03-19,12.46,12.56,12.64,12.31,167044.0,星期五,0.0,0.008
2010-03-18,12.22,12.46,12.58,12.12,248466.0,星期四,0.0033,0.0196
2010-03-17,11.8,12.18,12.24,11.72,196829.0,星期三,-0.0067,0.0322
2010-03-16,11.55,11.88,12.0,11.53,134694.0,星期二,0.0035,0.0286
2010-03-15,11.72,11.51,11.72,11.4,75753.0,星期一,0.0026,-0.0179
2010-03-12,11.9,11.69,12.2,11.6,123392.0,星期五,-0.0067,-0.0176
2010-03-11,11.97,11.98,12.49,11.9,186720.0,星期四,0.0034,0.0008
2010-03-10,11.88,11.93,12.04,11.69,165273.0,星期三,-0.0083,0.0042
2010-03-09,12.1,11.98,12.3,11.83,128426.0,星期二,0.0,-0.0099
2010-03-08,11.89,12.1,12.39,11.6,219043.0,星期一,0.0025,0.0177
2010-03-05,11.65,11.86,11.99,11.34,181540.0,星期五,0.0,0.018
2010-03-04,12.0,11.65,12.2,11.42,183532.0,星期四,0.0084,-0.0292
2010-03-03,11.8,11.9,12.3,11.67,220494.0,星期三,-0.0042,0.0085
2010-03-02,11.55,11.85,12.05,11.43,281777.0,星期二,0.0061,0.026
2010-03-01,11.3,11.48,11.59,11.21,156764.0,星期一,0.0036,0.0159
2010-02-26,11.02,11.26,11.49,10.97,135495.0,星期五,-0.0063,0.0218
2010-02-25,11.04,11.09,11.25,10.89,148465.0,星期四,0.0,0.0045
2010-02-24,10.61,11.04,11.08,10.52,137067.0,星期三,-0.0075,0.0405
2010-02-23,10.63,10.69,10.72,10.32,72641.0,星期二,0.0028,0.0056
2010-02-22,10.8,10.6,10.81,10.52,54980.0,星期一,0.0047,-0.0185
2010-02-12,10.59,10.75,10.89,10.53,100528.0,星期五,0.0047,0.0151
2010-02-11,10.21,10.54,10.7,10.17,158448.0,星期四,0.0059,0.0323
2010-02-10,10.19,10.15,10.26,10.08,36366.0,星期三,0.0089,-0.0039
2010-02-09,10.09,10.1,10.25,10.03,34728.0,星期二,0.0,0.001
2010-02-08,10.05,10.09,10.27,10.03,38330.0,星期一,0.003,0.004
2010-02-05,10.1,10.02,10.25,9.91,72543.0,星期五,-0.0232,-0.0079
2010-02-04,10.21,10.34,10.49,10.05,81150.0,星期四,-0.0068,0.0127
2010-02-03,10.31,10.28,10.35,9.8,107225.0,星期三,0.0029,-0.0029
2010-02-02,10.3,10.28,10.5,10.23,121035.0,星期二,0.0039,-0.0019
2010-02-01,10.45,10.26,10.45,10.0,97215.0,星期一,-0.0038,-0.0182
2010-01-29,10.18,10.49,10.53,10.13,140135.0,星期五,-0.0088,0.0305
2010-01-28,10.12,10.27,10.32,10.03,94325.0,星期四,0.009,0.0148
2010-01-27,10.02,10.03,10.28,9.89,101068.0,星期三,0.0,0.001
2010-01-26,10.8,10.02,10.8,9.91,112270.0,星期二,0.0056,-0.0722
2010-01-25,10.9,10.74,10.99,10.55,116949.0,星期一,0.0065,-0.0147
2010-01-22,11.03,10.83,11.3,10.51,161129.0,星期五,-0.0027,-0.0181
2010-01-21,11.0,11.06,11.25,10.89,129088.0,星期四,-0.0081,0.0055
2010-01-20,11.4,11.09,11.4,10.76,207566.0,星期三,0.0035,-0.0272
2010-01-19,11.05,11.36,11.42,10.93,175900.0,星期二,-0.0009,0.0281
2010-01-18,10.89,11.06,11.26,10.8,201644.0,星期一,0.0083,0.0156
2010-01-15,10.81,10.8,10.88,10.61,120823.0,星期五,0.0,-0.0009
2010-01-14,10.42,10.81,10.92,10.35,204459.0,星期四,-0.001,0.0374
2010-01-13,10.44,10.43,10.75,10.36,154307.0,星期三,-0.0188,-0.001
2010-01-12,10.58,10.64,10.87,10.53,157297.0,星期二,0.0009,0.0057
2010-01-11,10.58,10.57,10.95,10.45,214279.0,星期一,-0.0028,-0.0009
2010-01-08,10.01,10.61,10.73,10.0,279083.0,星期五,-0.0356,0.0599
2010-01-07,10.16,10.38,10.92,10.16,344458.0,星期四,0.0232,0.0217
2010-01-06,10.08,9.93,10.22,9.9,143494.0,星期三,-0.0108,-0.0149
2010-01-05,10.1,10.19,10.37,10.0,151891.0,星期二,-0.0069,0.0089
2010-01-04,10.13,10.17,10.25,9.92,186144.0,星期一,0.01,0.0039
2009-12-31,9.73,10.03,10.09,9.66,169688.0,星期四,0.001,0.0308
2009-12-30,9.69,9.72,9.97,9.6,123486.0,星期三,0.0104,0.0031
2009-12-29,9.55,9.59,9.65,9.45,64446.0,星期二,0.0053,0.0042
2009-12-28,9.4,9.5,9.58,9.34,52596.0,星期一,0.0032,0.0106
2009-12-25,9.32,9.37,9.55,9.28,62741.0,星期五,0.0011,0.0054
2009-12-24,9.16,9.31,9.35,9.08,60171.0,星期四,0.0044,0.0164
2009-12-23,8.94,9.12,9.19,8.85,40007.0,星期三,0.0056,0.0201
2009-12-22,9.18,8.89,9.24,8.77,44257.0,星期二,0.0011,-0.0316
2009-12-21,8.96,9.17,9.25,8.96,46995.0,星期一,0.0022,0.0234
2009-12-18,9.1,8.94,9.18,8.9,61638.0,星期五,-0.013,-0.0176
2009-12-17,9.7,9.22,9.85,9.15,110698.0,星期四,0.0,-0.0495
2009-12-16,9.72,9.7,9.96,9.68,95458.0,星期三,-0.0082,-0.0021
2009-12-15,9.8,9.8,10.05,9.76,114027.0,星期二,-0.0111,0.0
2009-12-14,9.6,9.91,9.94,9.38,143023.0,星期一,0.0,0.0323
2009-12-11,9.91,9.6,9.93,9.5,113424.0,星期五,0.0041,-0.0313
2009-12-10,9.82,9.87,10.35,9.73,166154.0,星期四,0.0103,0.0051
2009-12-09,9.95,9.72,9.95,9.6,124547.0,星期三,-0.004,-0.0231
2009-12-08,10.27,9.99,10.38,9.82,281332.0,星期二,0.0049,-0.0273
2009-12-07,9.37,10.22,10.22,9.29,191391.0,星期一,0.0086,0.0907
2009-12-04,9.75,9.29,9.75,9.11,123789.0,星期五,0.0093,-0.0472
2009-12-03,9.6,9.66,9.7,9.46,110521.0,星期四,-0.0072,0.0063
2009-12-02,9.36,9.67,9.76,9.33,181676.0,星期三,-0.0032,0.0331
2009-12-01,9.07,9.39,9.45,8.98,90377.0,星期二,0.0,0.0353
2009-11-30,8.75,9.07,9.1,8.75,61223.0,星期一,0.0057,0.0366
2009-11-27,8.75,8.7,8.98,8.63,61151.0,星期五,-0.0011,-0.0057
2009-11-26,9.28,8.76,9.31,8.71,89201.0,星期四,0.0,-0.056
2009-11-25,9.11,9.28,9.3,8.99,73876.0,星期三,0.0044,0.0187
2009-11-24,9.76,9.07,9.79,9.02,145554.0,星期二,0.0021,-0.0707
2009-11-23,9.55,9.74,9.75,9.52,135298.0,星期一,0.0032,0.0199
2009-11-20,9.6,9.52,9.65,9.45,103080.0,星期五,-0.0031,-0.0083
2009-11-19,9.31,9.63,9.7,9.31,153320.0,星期四,-0.0043,0.0344
2009-11-18,9.53,9.35,9.54,9.26,88163.0,星期三,0.0063,-0.0189
2009-11-17,9.53,9.47,9.58,9.36,97069.0,星期二,0.0011,-0.0063
2009-11-16,9.65,9.52,9.77,9.43,155227.0,星期一,0.0244,-0.0135
2009-11-13,9.14,9.42,9.43,9.14,118401.0,星期五,-0.0065,0.0306
2009-11-12,9.18,9.2,9.34,9.14,65360.0,星期四,0.0011,0.0022
2009-11-11,9.18,9.17,9.23,9.06,65831.0,星期三,-0.0065,-0.0011
2009-11-10,9.46,9.24,9.46,9.22,91690.0,星期二,0.0032,-0.0233
2009-11-09,9.3,9.43,9.46,9.2,123366.0,星期一,0.0043,0.014
2009-11-06,9.29,9.26,9.43,9.17,133027.0,星期五,0.0,-0.0032
2009-11-05,9.25,9.29,9.49,9.15,193247.0,星期四,0.0131,0.0043
2009-11-04,9.35,9.13,9.43,9.06,198834.0,星期三,0.0075,-0.0235
2009-11-03,8.79,9.28,9.28,8.74,227305.0,星期二,0.0415,0.0557
2009-10-30,8.52,8.44,8.72,8.41,57357.0,星期五,0.0131,-0.0094
2009-10-29,8.58,8.41,8.65,8.38,56291.0,星期四,-0.0194,-0.0198
2009-10-28,8.36,8.75,8.76,8.33,84815.0,星期三,-0.0012,0.0467
2009-10-27,8.59,8.37,8.59,8.36,54053.0,星期二,-0.0081,-0.0256
2009-10-26,8.72,8.66,8.76,8.53,55771.0,星期一,0.0,-0.0069
2009-10-23,8.74,8.72,8.85,8.63,104703.0,星期五,-0.0023,-0.0023
2009-10-22,8.57,8.76,8.8,8.45,117836.0,星期四,0.0047,0.0222
2009-10-21,8.64,8.53,8.78,8.5,75890.0,星期三,0.0,-0.0127
2009-10-20,8.7,8.64,8.91,8.57,118394.0,星期二,-0.0068,-0.0069
2009-10-19,8.76,8.76,8.95,8.58,169309.0,星期一,0.0081,0.0
2009-10-16,8.52,8.69,8.79,8.45,76354.0,星期五,-0.0035,0.02
2009-10-15,8.56,8.55,8.6,8.26,66680.0,星期四,0.0082,-0.0012
2009-10-14,8.44,8.49,8.63,8.44,76698.0,星期三,-0.0152,0.0059
2009-10-13,8.1,8.57,8.6,8.09,133132.0,星期二,-0.0122,0.058
2009-10-12,7.78,8.2,8.37,7.66,97022.0,星期一,0.0013,0.054
2009-10-09,7.5,7.77,7.8,7.5,34292.0,星期五,0.0094,0.036
2009-09-30,7.41,7.43,7.5,7.41,23789.0,星期三,0.0082,0.0027
2009-09-29,7.49,7.35,7.6,7.21,27598.0,星期二,0.0,-0.0187
2009-09-28,7.68,7.49,7.87,7.42,29545.0,星期一,-0.0026,-0.0247
2009-09-24,7.83,7.7,7.99,7.41,54356.0,星期四,0.0,-0.0166
2009-09-23,8.22,7.83,8.39,7.74,57536.0,星期三,-0.0096,-0.0474
2009-09-22,8.6,8.3,8.67,8.3,50032.0,星期二,-0.0058,-0.0349
2009-09-21,8.5,8.65,8.68,8.38,58317.0,星期一,0.0035,0.0176
2009-09-18,9.0,8.47,9.02,8.38,109303.0,星期五,0.0033,-0.0589
2009-09-17,8.76,8.97,9.13,8.73,135931.0,星期四,0.0,0.024
2009-09-16,8.62,8.76,8.93,8.58,103944.0,星期三,-0.0081,0.0162
2009-09-15,8.62,8.69,8.88,8.55,129141.0,星期二,-0.0137,0.0081
2009-09-14,9.06,8.74,9.1,8.58,290302.0,星期一,0.0523,-0.0353
2009-09-11,7.87,8.61,8.61,7.84,166251.0,星期五,0.0051,0.094
2009-09-10,7.98,7.83,8.09,7.81,43206.0,星期四,-0.005,-0.0188
2009-09-09,7.99,8.02,8.13,7.9,48677.0,星期三,-0.0037,0.0038
2009-09-08,7.9,8.02,8.12,7.78,57913.0,星期二,-0.0088,0.0152
2009-09-07,7.82,7.97,8.05,7.74,66294.0,星期一,-0.0051,0.0192
2009-09-04,7.66,7.86,8.1,7.55,76285.0,星期五,0.0039,0.0261
2009-09-03,7.28,7.63,7.68,7.28,43714.0,星期四,-0.0082,0.0481
2009-09-02,7.32,7.34,7.39,7.19,24537.0,星期三,0.0041,0.0027
2009-09-01,7.38,7.29,7.51,7.08,40406.0,星期二,-0.0067,-0.0122
2009-08-31,7.75,7.43,7.9,7.41,55550.0,星期一,-0.0077,-0.0413
2009-08-28,8.0,7.81,8.14,7.78,52577.0,星期五,-0.0172,-0.0238
2009-08-27,8.05,8.14,8.44,7.97,87296.0,星期四,-0.0049,0.0112
2009-08-26,7.86,8.09,8.3,7.76,93227.0,星期三,-0.0163,0.0293
2009-08-25,7.78,7.99,8.2,7.4,118317.0,星期二,0.0039,0.027
2009-08-24,7.7,7.75,7.82,7.65,49374.0,星期一,-0.0116,0.0065
2009-08-21,7.41,7.79,7.93,7.38,72755.0,星期五,-0.0013,0.0513
2009-08-20,7.19,7.42,7.46,7.12,47574.0,星期四,0.0098,0.032
2009-08-19,7.67,7.12,7.73,7.0,42858.0,星期三,-0.0026,-0.0717
2009-08-18,7.48,7.69,7.73,7.4,45500.0,星期二,-0.0053,0.0281
2009-08-17,8.01,7.52,8.14,7.51,66237.0,星期一,0.0,-0.0612
2009-08-14,8.64,8.01,8.65,8.0,63522.0,星期五,0.0023,-0.0729
2009-08-13,8.59,8.62,8.69,8.52,41766.0,星期四,0.0023,0.0035
2009-08-12,9.12,8.57,9.17,8.53,64906.0,星期三,-0.0087,-0.0603
2009-08-11,9.16,9.2,9.21,9.06,37487.0,星期二,0.0044,0.0044
2009-08-10,9.15,9.12,9.28,8.96,56034.0,星期一,0.0066,-0.0033
2009-08-07,9.46,9.09,9.55,9.03,91245.0,星期五,-0.0042,-0.0391
2009-08-06,9.62,9.5,9.74,9.35,97581.0,星期四,-0.0072,-0.0125
2009-08-05,9.61,9.69,9.84,9.52,99170.0,星期三,-0.0021,0.0083
2009-08-04,9.86,9.63,9.86,9.44,131719.0,星期二,-0.001,-0.0233
2009-08-03,9.89,9.87,9.93,9.67,152208.0,星期一,0.0051,-0.002
2009-07-31,9.64,9.84,9.88,9.51,248427.0,星期五,0.0126,0.0207
2009-07-30,9.45,9.52,9.58,9.1,158336.0,星期四,0.0053,0.0074
2009-07-29,9.59,9.4,9.6,8.68,144736.0,星期三,-0.0052,-0.0198
2009-07-28,9.55,9.64,9.68,9.42,111302.0,星期二,0.0074,0.0094
2009-07-27,9.43,9.48,9.54,9.4,83038.0,星期一,0.0064,0.0053
2009-07-24,9.62,9.37,9.65,9.25,136664.0,星期五,0.0,-0.026
2009-07-23,9.65,9.62,9.67,9.51,89907.0,星期四,0.0,-0.0031
2009-07-22,9.5,9.65,9.75,9.5,131619.0,星期三,-0.0155,0.0158
2009-07-21,10.01,9.65,10.4,9.6,256111.0,星期二,0.006,-0.036
2009-07-20,9.97,9.95,10.0,9.84,171056.0,星期一,0.002,-0.002
2009-07-17,9.8,9.95,10.1,9.75,214099.0,星期五,-0.002,0.0153
2009-07-16,9.68,9.82,9.95,9.6,201426.0,星期四,0.001,0.0145
2009-07-15,9.63,9.67,9.7,9.55,131322.0,星期三,0.0042,0.0042
2009-07-14,9.5,9.59,9.63,9.49,92186.0,星期二,-0.0021,0.0095
2009-07-13,9.44,9.52,9.65,9.39,114150.0,星期一,-0.0011,0.0085
2009-07-10,9.49,9.45,9.56,9.36,120421.0,星期五,-0.0094,-0.0042
2009-07-09,9.2,9.58,9.69,9.17,219167.0,星期四,0.0011,0.0413
2009-07-08,9.15,9.19,9.28,9.11,66604.0,星期三,-0.0044,0.0044
2009-07-07,9.34,9.19,9.35,9.17,88071.0,星期二,0.0,-0.0161
2009-07-06,9.25,9.34,9.39,9.21,127170.0,星期一,0.0054,0.0097
2009-07-03,9.16,9.2,9.23,9.06,86498.0,星期五,-0.0033,0.0044
2009-07-02,9.23,9.19,9.28,9.13,68222.0,星期四,0.0065,-0.0043
2009-07-01,9.05,9.17,9.25,9.05,64671.0,星期三,0.0,0.0133
2009-06-30,9.25,9.05,9.27,9.04,66214.0,星期二,0.0043,-0.0216
2009-06-29,9.14,9.21,9.37,9.14,71051.0,星期一,0.0033,0.0077
2009-06-26,9.22,9.11,9.28,9.06,70170.0,星期五,-0.0011,-0.0119
2009-06-24,9.16,9.23,9.29,9.13,67907.0,星期三,-0.0022,0.0076
2009-06-23,9.3,9.18,9.32,9.1,85670.0,星期二,-0.0085,-0.0129
2009-06-22,9.36,9.38,9.47,9.24,93530.0,星期一,0.0021,0.0021
2009-06-19,9.47,9.34,9.47,9.32,99589.0,星期五,-0.0011,-0.0137
2009-06-18,9.45,9.48,9.55,9.32,121626.0,星期四,0.0075,0.0032
2009-06-17,9.28,9.38,9.4,9.18,83289.0,星期三,0.0,0.0108
2009-06-16,9.35,9.28,9.42,9.21,112649.0,星期二,-0.0116,-0.0075
2009-06-15,9.32,9.46,9.49,9.31,102192.0,星期一,-0.0075,0.015
2009-06-12,9.86,9.39,10.04,9.25,262201.0,星期五,0.001,-0.0477
2009-06-11,10.08,9.85,10.26,9.75,367495.0,星期四,-0.0098,-0.0228
2009-06-10,10.23,10.18,10.4,10.05,238173.0,星期三,-0.0039,-0.0049
2009-06-09,10.15,10.27,10.4,10.03,365163.0,星期二,0.0,0.0118
2009-06-08,10.35,10.15,10.35,9.82,352712.0,星期一,0.0392,-0.0193
2009-06-05,9.83,9.96,10.05,9.75,234157.0,星期五,-0.0081,0.0132
2009-06-04,9.5,9.91,9.93,9.4,275689.0,星期四,-0.0063,0.0432
2009-06-03,9.49,9.56,9.67,9.33,187833.0,星期三,-0.0063,0.0074
2009-06-02,9.55,9.55,9.77,9.4,234439.0,星期二,-0.0031,0.0
2009-06-01,9.48,9.58,9.72,9.27,239789.0,星期一,0.0128,0.0105
2009-05-27,9.35,9.36,9.55,9.17,183818.0,星期三,0.0,0.0011
2009-05-26,9.52,9.35,9.97,9.28,289551.0,星期二,0.0042,-0.0179
2009-05-25,8.91,9.48,9.55,8.85,193340.0,星期一,-0.0357,0.064
2009-05-22,9.31,9.24,9.52,9.11,187786.0,星期五,-0.0169,-0.0075
2009-05-21,9.01,9.47,9.8,8.96,374042.0,星期四,0.0,0.0511
2009-05-20,8.92,9.01,9.14,8.8,141834.0,星期三,0.0011,0.0101
2009-05-19,8.8,8.91,9.06,8.74,130294.0,星期二,0.0023,0.0125
2009-05-18,8.88,8.78,8.9,8.5,78613.0,星期一,0.0091,-0.0113
2009-05-15,8.71,8.8,8.95,8.7,95034.0,星期五,0.0,0.0103
2009-05-14,8.46,8.71,8.75,8.4,107520.0,星期四,-0.0105,0.0296
2009-05-13,8.58,8.55,8.72,8.48,93013.0,星期三,0.0,-0.0035
2009-05-12,8.34,8.58,8.62,8.3,95492.0,星期二,0.0012,0.0288
2009-05-11,9.11,8.33,9.14,8.31,206955.0,星期一,0.0011,-0.0856
2009-05-08,9.18,9.1,9.44,8.98,219234.0,星期五,-0.0234,-0.0087
2009-05-07,9.16,9.4,9.55,8.93,374965.0,星期四,0.0044,0.0262
2009-05-06,8.8,9.12,9.13,8.7,216715.0,星期三,0.0,0.0364
2009-05-05,9.1,8.8,9.21,8.78,237964.0,星期二,-0.0044,-0.033
2009-05-04,8.93,9.14,9.39,8.82,247159.0,星期一,-0.0045,0.0235
2009-04-30,8.99,8.97,9.24,8.8,347854.0,星期四,0.0033,-0.0022
2009-04-29,8.48,8.96,9.28,8.32,403440.0,星期三,-0.0024,0.0566
2009-04-28,8.25,8.5,8.65,8.16,333578.0,星期二,-0.026,0.0303
2009-04-27,7.91,8.47,8.59,7.66,366940.0,星期一,-0.021,0.0708
2009-04-24,7.85,8.08,8.29,7.75,173424.0,星期五,0.0051,0.0293
2009-04-23,7.86,7.81,7.91,7.59,88617.0,星期四,0.0051,-0.0064
2009-04-22,8.31,7.82,8.36,7.72,174130.0,星期三,-0.0012,-0.059
2009-04-21,8.25,8.32,8.42,7.99,194084.0,星期二,-0.0084,0.0085
2009-04-20,7.83,8.32,8.4,7.83,228300.0,星期一,-0.0038,0.0626
2009-04-17,8.06,7.86,8.18,7.74,147876.0,星期五,0.0012,-0.0248
2009-04-16,8.22,8.05,8.28,7.91,159779.0,星期四,-0.0108,-0.0207
2009-04-15,8.02,8.31,8.4,7.92,233782.0,星期三,-0.005,0.0362
2009-04-14,7.94,8.06,8.08,7.82,144458.0,星期二,0.0,0.0151
2009-04-13,8.02,7.94,8.05,7.85,139420.0,星期一,0.005,-0.01
2009-04-10,7.74,7.98,8.1,7.66,145580.0,星期五,0.0078,0.031
2009-04-09,7.53,7.68,7.68,7.45,67587.0,星期四,-0.0013,0.0199
2009-04-08,7.8,7.54,7.92,7.53,95874.0,星期三,-0.0064,-0.0333
2009-04-07,7.68,7.85,7.9,7.66,72481.0,星期二,-0.0065,0.0221
2009-04-03,8.05,7.73,8.07,7.69,139367.0,星期五,0.0063,-0.0398
2009-04-02,8.16,8.0,8.19,7.96,169660.0,星期四,0.0,-0.0196
2009-04-01,8.12,8.16,8.4,8.01,219240.0,星期三,-0.011,0.0049
2009-03-31,8.23,8.21,8.65,8.04,296984.0,星期二,0.016,-0.0024
2009-03-30,7.99,8.1,8.22,7.8,181823.0,星期一,0.0,0.0138
2009-03-27,7.72,7.99,8.18,7.7,231991.0,星期五,0.0026,0.035
2009-03-26,7.4,7.7,7.72,7.3,149656.0,星期四,0.0137,0.0405
2009-03-25,7.67,7.3,7.79,7.28,129284.0,星期三,0.0,-0.0482
2009-03-24,7.69,7.67,7.86,7.61,168187.0,星期二,0.0039,-0.0026
2009-03-23,7.33,7.66,7.73,7.27,164301.0,星期一,-0.0014,0.045
2009-03-20,7.47,7.34,7.48,7.14,127821.0,星期五,0.0095,-0.0174
2009-03-19,7.15,7.4,7.49,7.1,138986.0,星期四,0.0014,0.035
2009-03-18,7.08,7.14,7.33,7.06,138824.0,星期三,-0.0028,0.0085
2009-03-17,6.85,7.1,7.15,6.76,109531.0,星期二,0.0015,0.0365
2009-03-16,6.8,6.84,6.9,6.5,72620.0,星期一,-0.0073,0.0059
2009-03-13,7.0,6.85,7.17,6.84,90398.0,星期五,0.0086,-0.0214
2009-03-12,6.79,6.94,6.99,6.65,70286.0,星期四,-0.0029,0.0221
2009-03-11,6.93,6.81,7.04,6.77,80607.0,星期三,0.0191,-0.0173
2009-03-10,6.58,6.8,6.81,6.48,61605.0,星期二,-0.0075,0.0334
2009-03-09,6.95,6.63,7.1,6.55,92804.0,星期一,0.0043,-0.046
2009-03-06,6.93,6.92,7.09,6.8,113137.0,星期五,-0.0321,-0.0014
2009-03-05,7.19,7.16,7.4,6.92,185881.0,星期四,0.0141,-0.0042
2009-03-04,6.76,7.09,7.13,6.68,160864.0,星期三,0.0165,0.0488
2009-03-03,6.51,6.65,6.8,6.4,107643.0,星期二,-0.0312,0.0215
2009-03-02,6.46,6.72,6.8,6.46,131671.0,星期一,0.0016,0.0402
2009-02-27,7.07,6.45,7.17,6.42,155251.0,星期五,-0.007,-0.0877
2009-02-26,7.94,7.12,8.06,7.08,195024.0,星期四,0.0089,-0.1033
2009-02-25,8.21,7.87,8.28,7.57,210761.0,星期三,0.0211,-0.0414
2009-02-24,8.42,8.04,8.81,8.0,322229.0,星期二,-0.03,-0.0451
2009-02-23,8.04,8.68,8.87,7.93,418456.0,星期一,-0.0025,0.0796
2009-02-20,7.8,8.06,8.14,7.71,247654.0,星期五,-0.0064,0.0333
2009-02-19,7.72,7.85,7.97,7.42,251437.0,星期四,0.0266,0.0168
2009-02-18,7.48,7.52,7.88,7.25,185304.0,星期三,-0.0336,0.0053
2009-02-17,7.6,7.74,8.09,7.2,318546.0,星期二,-0.0078,0.0184
2009-02-16,7.79,7.66,7.82,7.43,187890.0,星期一,0.0143,-0.0167
2009-02-13,7.5,7.68,7.82,7.35,235187.0,星期五,0.0027,0.024
2009-02-12,7.35,7.48,7.62,7.18,225747.0,星期四,0.018,0.0177
2009-02-11,7.25,7.22,7.65,7.1,249142.0,星期三,-0.0282,-0.0041
2009-02-10,7.08,7.46,7.55,6.94,232611.0,星期二,-0.0153,0.0537
2009-02-09,7.14,7.19,7.25,6.96,219878.0,星期一,0.0215,0.007
2009-02-06,6.86,6.99,7.07,6.8,168563.0,星期五,0.0103,0.019
2009-02-05,7.0,6.79,7.11,6.66,220769.0,星期四,-0.0196,-0.03
2009-02-04,6.8,7.14,7.25,6.72,242231.0,星期三,0.0029,0.05
2009-02-03,6.69,6.78,6.9,6.66,158175.0,星期二,-0.0104,0.0135
2009-02-02,6.55,6.76,6.84,6.41,167836.0,星期一,0.0108,0.0321
2009-01-23,6.58,6.48,6.71,6.41,133515.0,星期五,0.0061,-0.0152
2009-01-22,6.46,6.54,6.79,6.36,194549.0,星期四,0.0125,0.0124
2009-01-21,6.4,6.38,6.55,6.3,126974.0,星期三,-0.0169,-0.0031
2009-01-20,6.64,6.51,6.66,6.31,165160.0,星期二,-0.003,-0.0196
2009-01-19,6.57,6.66,6.76,6.45,193713.0,星期一,-0.003,0.0137
2009-01-16,6.82,6.59,7.04,6.52,438818.0,星期五,0.0074,-0.0337
2009-01-15,6.55,6.77,6.77,6.45,591919.0,星期四,0.065,0.0336
2009-01-14,5.61,6.15,6.15,5.52,220618.0,星期三,0.0036,0.0963
2009-01-13,5.4,5.59,5.73,5.33,149217.0,星期二,-0.0217,0.0352
2009-01-12,5.39,5.52,5.7,5.39,152724.0,星期一,0.0189,0.0241
2009-01-09,5.1,5.29,5.3,5.1,50980.0,星期五,-0.0116,0.0373
2009-01-08,5.22,5.16,5.4,5.11,74374.0,星期四,-0.0151,-0.0115
2009-01-07,5.29,5.3,5.45,5.26,82082.0,星期三,0.0,0.0019
2009-01-06,5.16,5.29,5.34,5.1,76866.0,星期二,0.0,0.0252
2009-01-05,5.08,5.16,5.18,4.97,55883.0,星期一,0.0263,0.0157
2008-12-31,5.16,4.95,5.24,4.9,60645.0,星期三,-0.0077,-0.0407
2008-12-30,4.99,5.2,5.47,4.98,119263.0,星期二,-0.004,0.0421
2008-12-29,5.15,5.01,5.25,4.99,70817.0,星期一,0.051,-0.0272
2008-12-26,4.96,4.9,5.02,4.86,36156.0,星期五,-0.0159,-0.0121
2008-12-25,4.95,5.04,5.05,4.75,54762.0,星期四,0.0081,0.0182
2008-12-24,5.13,4.91,5.19,4.85,68248.0,星期三,-0.0172,-0.0429
2008-12-23,5.5,5.22,5.55,5.15,104098.0,星期二,0.0092,-0.0509
2008-12-22,5.61,5.45,5.63,5.35,82718.0,星期一,0.0,-0.0285
2008-12-19,5.63,5.61,5.72,5.57,99504.0,星期五,0.0018,-0.0036
2008-12-18,5.48,5.62,5.65,5.42,94654.0,星期四,0.0018,0.0255
2008-12-17,5.54,5.47,5.63,5.42,109153.0,星期三,0.0054,-0.0126
2008-12-16,5.42,5.51,5.58,5.2,167645.0,星期二,-0.0373,0.0166
2008-12-15,5.63,5.63,5.63,5.42,244280.0,星期一,0.0996,0.0
2008-12-12,5.46,5.12,5.57,5.01,102295.0,星期五,-0.0162,-0.0623
2008-12-11,5.7,5.55,5.83,5.55,112276.0,星期四,-0.007,-0.0263
2008-12-10,5.59,5.74,5.8,5.5,104046.0,星期三,-0.0176,0.0268
2008-12-09,5.98,5.69,5.98,5.65,146338.0,星期二,-0.0033,-0.0485
2008-12-08,5.74,6.0,6.1,5.65,216637.0,星期一,0.0177,0.0453
2008-12-05,5.38,5.64,5.75,5.34,158181.0,星期五,-0.0182,0.0483
2008-12-04,6.1,5.48,6.2,5.41,315501.0,星期四,0.0816,-0.1016
2008-12-02,5.14,5.64,5.72,5.08,391112.0,星期二,-0.0115,0.0973
2008-12-01,4.77,5.2,5.2,4.7,202957.0,星期一,0.0085,0.0901
2008-11-28,4.55,4.73,4.83,4.51,81735.0,星期五,-0.0109,0.0396
2008-11-27,4.97,4.6,5.0,4.58,75965.0,星期四,0.0804,-0.0744
2008-11-26,4.56,4.6,4.66,4.5,37692.0,星期三,0.0044,0.0088
2008-11-25,4.69,4.54,4.71,4.4,58439.0,星期二,0.0308,-0.032
2008-11-24,4.98,4.55,5.09,4.51,86877.0,星期一,0.0061,-0.0863
2008-11-21,5.1,4.95,5.25,4.81,130951.0,星期五,-0.0304,-0.0294
2008-11-20,5.16,5.26,5.45,5.09,162129.0,星期四,-0.019,0.0194
2008-11-19,4.9,5.26,5.38,4.87,181708.0,星期三,-0.0258,0.0735
2008-11-18,5.08,5.03,5.65,4.8,313930.0,星期二,-0.0193,-0.0098
2008-11-17,4.68,5.18,5.18,4.61,203340.0,星期一,-0.0064,0.1068
2008-11-14,4.51,4.71,4.75,4.41,145201.0,星期五,0.0089,0.0443
2008-11-13,4.25,4.47,4.59,4.21,128718.0,星期四,-0.0139,0.0518
2008-11-12,4.07,4.31,4.34,4.04,86026.0,星期三,-0.0169,0.059
2008-11-11,4.11,4.14,4.28,4.11,91832.0,星期二,-0.0261,0.0073
2008-11-10,3.94,4.22,4.24,3.94,112582.0,星期一,0.0207,0.0711
2008-11-07,3.7,3.86,3.94,3.67,53803.0,星期五,-0.0289,0.0432
2008-11-06,3.83,3.81,3.89,3.65,54404.0,星期四,-0.0304,-0.0052
2008-11-05,3.86,3.95,4.03,3.83,61102.0,星期三,0.0052,0.0233
2008-11-04,3.83,3.84,3.89,3.67,51019.0,星期二,-0.0103,0.0026
2008-11-03,4.02,3.87,4.02,3.81,49654.0,星期一,0.0,-0.0373
2008-10-31,4.15,4.02,4.3,3.98,55223.0,星期五,-0.0048,-0.0313
2008-10-30,4.38,4.17,4.4,4.1,82313.0,星期四,0.0092,-0.0479
2008-10-29,4.86,4.34,4.89,4.34,85636.0,星期三,0.0083,-0.107
2008-10-28,4.49,4.82,4.9,4.42,86522.0,星期二,-0.0567,0.0735
2008-10-27,5.0,4.76,5.11,4.76,79756.0,星期一,-0.0548,-0.048
2008-10-24,5.48,5.29,5.7,5.21,92109.0,星期五,0.0,-0.0347
2008-10-23,5.3,5.48,5.53,5.23,69222.0,星期四,-0.0399,0.034
2008-10-22,5.44,5.52,5.73,5.35,137821.0,星期三,-0.0109,0.0147
2008-10-21,5.4,5.5,5.66,5.33,106783.0,星期二,0.0056,0.0185
2008-10-20,5.16,5.37,5.44,5.09,72364.0,星期一,0.0,0.0407
2008-10-17,5.31,5.16,5.38,5.12,66015.0,星期五,0.0134,-0.0282
2008-10-16,5.48,5.24,5.57,5.24,97688.0,星期四,-0.0584,-0.0438
2008-10-15,5.94,5.82,6.08,5.58,98493.0,星期三,-0.0034,-0.0202
2008-10-14,6.18,5.96,6.4,5.93,184730.0,星期二,0.0352,-0.0356
2008-10-13,5.8,5.97,5.99,5.45,129115.0,星期一,-0.0429,0.0293
2008-10-10,6.35,6.06,6.53,6.06,183882.0,星期五,-0.0565,-0.0457
2008-10-09,6.5,6.73,6.9,6.23,272056.0,星期四,0.0109,0.0354
2008-10-08,6.23,6.43,6.53,6.15,164109.0,星期三,-0.0127,0.0321
2008-10-07,5.8,6.31,6.45,5.8,108730.0,星期二,-0.0507,0.0879
2008-10-06,6.11,6.11,6.35,5.96,97257.0,星期一,0.0066,0.0
2008-09-26,6.2,6.07,6.3,5.95,81748.0,星期五,-0.0096,-0.021
2008-09-25,6.1,6.26,6.39,5.95,139738.0,星期四,0.0066,0.0262
2008-09-24,5.69,6.06,6.08,5.61,70081.0,星期三,-0.0307,0.065
2008-09-23,6.01,5.87,6.19,5.73,119109.0,星期二,-0.0445,-0.0233
2008-09-22,6.45,6.29,6.66,6.0,156683.0,星期一,0.0644,-0.0248
2008-09-19,6.0,6.06,6.06,5.84,91542.0,星期五,0.0889,0.01
2008-09-18,5.3,5.51,5.7,5.1,98709.0,星期四,-0.0433,0.0396
2008-09-17,5.9,5.54,6.08,5.41,91201.0,星期三,-0.0101,-0.061
2008-09-16,6.46,5.96,6.5,5.96,128602.0,星期二,-0.0242,-0.0774
2008-09-12,6.9,6.62,7.04,6.49,102613.0,星期五,-0.0072,-0.0406
2008-09-11,6.82,6.95,7.04,6.72,152623.0,星期四,-0.0087,0.0191
2008-09-10,6.5,6.88,6.92,6.41,142109.0,星期三,-0.0196,0.0585
2008-09-09,6.78,6.63,6.82,6.36,102996.0,星期二,0.0,-0.0221
2008-09-08,6.62,6.78,6.97,6.31,170298.0,星期一,-0.003,0.0242
2008-09-05,6.6,6.64,6.93,6.41,128961.0,星期五,-0.0075,0.0061
2008-09-04,6.65,6.65,6.75,6.53,57604.0,星期四,0.0076,0.0
2008-09-03,6.54,6.6,6.85,6.2,96551.0,星期三,-0.003,0.0092
2008-09-02,6.48,6.56,6.72,6.39,55267.0,星期二,-0.0092,0.0123
2008-09-01,6.79,6.54,6.88,6.47,60598.0,星期一,-0.0073,-0.0368
2008-08-29,6.65,6.84,6.95,6.56,72245.0,星期五,0.003,0.0286
2008-08-28,6.72,6.63,6.9,6.59,65870.0,星期四,0.0182,-0.0134
2008-08-27,6.67,6.6,6.88,6.33,111105.0,星期三,-0.0191,-0.0105
2008-08-26,7.2,6.8,7.46,6.59,140019.0,星期二,-0.015,-0.0556
2008-08-25,7.26,7.31,7.5,7.1,79572.0,星期一,0.0014,0.0069
2008-08-22,7.24,7.25,7.53,6.93,108255.0,星期五,-0.0163,0.0014
2008-08-21,7.1,7.36,7.63,7.04,167771.0,星期四,-0.0379,0.0366
2008-08-20,6.57,7.38,7.4,6.5,149421.0,星期三,-0.0238,0.1233
2008-08-19,6.4,6.73,6.85,6.28,80451.0,星期二,-0.0405,0.0516
2008-08-18,7.45,6.67,7.47,6.67,120341.0,星期一,0.0054,-0.1047
2008-08-15,7.15,7.41,7.69,7.02,156699.0,星期五,-0.0312,0.0364
2008-08-14,7.0,7.38,7.55,6.86,153951.0,星期四,-0.0331,0.0543
2008-08-13,7.58,7.24,7.6,7.19,240199.0,星期三,-0.0513,-0.0449
2008-08-12,8.55,7.99,8.76,7.9,384471.0,星期二,-0.0058,-0.0655
2008-08-11,7.96,8.6,8.6,7.96,517085.0,星期一,0.0179,0.0804
2008-08-08,8.62,7.82,8.64,7.77,78790.0,星期五,0.0023,-0.0928
2008-08-07,8.25,8.6,8.61,8.18,109757.0,星期四,0.0098,0.0424
2008-08-06,7.95,8.17,8.18,7.81,51091.0,星期三,0.0063,0.0277
2008-08-05,8.26,7.9,8.33,7.82,51984.0,星期二,0.0049,-0.0436
2008-08-04,8.25,8.22,8.48,8.11,63665.0,星期一,0.0173,-0.0036
2008-07-31,8.75,8.11,8.82,8.06,73992.0,星期四,0.0011,-0.0731
2008-07-30,9.17,8.74,9.29,8.61,113613.0,星期三,0.0178,-0.0469
2008-07-29,8.83,9.01,9.29,8.6,162391.0,星期二,-0.0189,0.0204
2008-07-28,8.65,9.0,9.08,8.58,141657.0,星期一,0.0093,0.0405
2008-07-25,8.49,8.57,8.76,8.43,96228.0,星期五,-0.0174,0.0094
2008-07-24,8.4,8.64,8.8,8.36,112825.0,星期四,0.012,0.0286
2008-07-23,8.45,8.3,8.57,8.16,86706.0,星期三,0.0193,-0.0178
2008-07-22,8.29,8.29,8.79,8.2,96978.0,星期二,0.0048,0.0
2008-07-21,7.79,8.25,8.41,7.6,99172.0,星期一,-0.0177,0.0591
2008-07-18,7.77,7.93,8.16,7.3,113814.0,星期五,-0.0214,0.0206
2008-07-17,8.96,7.94,9.7,7.94,152852.0,星期四,0.009,-0.1138
2008-07-09,8.56,8.88,8.97,8.5,162903.0,星期三,0.0,0.0374
2008-07-08,8.5,8.56,8.72,8.25,140707.0,星期二,0.0107,0.0071
2008-07-07,8.1,8.41,8.7,8.05,155716.0,星期一,0.0075,0.0383
2008-07-04,8.09,8.04,8.42,7.9,185958.0,星期五,-0.0158,-0.0062
2008-07-03,7.58,8.22,8.34,7.25,244452.0,星期四,0.0,0.0844
2008-07-02,7.41,7.58,7.8,7.4,76301.0,星期三,0.0,0.0229
2008-07-01,7.6,7.41,7.67,7.24,54623.0,星期二,-0.0065,-0.025
2008-06-30,7.43,7.65,7.74,7.21,82253.0,星期一,-0.008,0.0296
2008-06-27,7.98,7.49,8.12,7.49,181735.0,星期五,-0.0409,-0.0614
2008-06-26,8.3,8.32,8.8,8.17,234252.0,星期四,0.0097,0.0024
2008-06-25,7.47,8.22,8.22,7.4,113640.0,星期三,0.0,0.1004
2008-06-24,7.2,7.47,7.57,7.16,62851.0,星期二,-0.0055,0.0375
2008-06-23,7.28,7.24,7.66,7.1,74136.0,星期一,-0.0345,-0.0055
2008-06-20,7.29,7.54,7.87,6.7,137445.0,星期五,0.0,0.0343
2008-06-19,7.95,7.29,8.26,7.23,253773.0,星期四,0.0,-0.083
2008-06-18,7.32,7.95,7.95,7.32,229824.0,星期三,0.0124,0.0861
2008-06-17,8.05,7.23,8.1,7.2,63999.0,星期二,0.0063,-0.1019
2008-06-16,7.86,8.0,8.13,7.51,65375.0,星期一,-0.0126,0.0178
2008-06-13,8.85,7.96,9.0,7.96,71617.0,星期五,0.0011,-0.1006
2008-06-12,8.67,8.84,9.14,8.52,85238.0,星期四,-0.0057,0.0196
2008-06-11,8.78,8.72,8.99,8.25,84482.0,星期三,-0.0425,-0.0068
2008-06-10,9.7,9.17,9.7,9.17,42458.0,星期二,-0.0481,-0.0546
2008-06-06,10.4,10.19,10.48,10.1,47430.0,星期五,-0.0029,-0.0202
2008-06-05,10.88,10.43,10.88,10.32,41394.0,星期四,0.0149,-0.0414
2008-06-04,11.0,10.72,11.13,10.46,69301.0,星期三,-0.0099,-0.0255
2008-06-03,11.02,11.11,11.37,10.92,76443.0,星期二,0.0009,0.0082
2008-06-02,10.9,11.01,11.19,10.9,51275.0,星期一,-0.01,0.0101
2008-05-30,10.85,11.01,11.2,10.61,74092.0,星期五,0.0046,0.0147
2008-05-29,11.23,10.8,11.25,10.79,78665.0,星期四,0.0009,-0.0383
2008-05-28,10.7,11.22,11.45,10.51,102883.0,星期三,0.02,0.0486
2008-05-27,10.64,10.49,10.79,10.2,64516.0,星期二,-0.0047,-0.0141
2008-05-26,12.03,10.69,12.14,10.68,109048.0,星期一,0.0553,-0.1114
2008-05-23,11.3,11.4,11.75,10.71,118788.0,星期五,-0.0191,0.0088
2008-05-21,11.01,11.52,11.7,10.57,140626.0,星期三,-0.0178,0.0463
2008-05-20,12.3,11.21,12.46,11.05,130340.0,星期二,0.0016,-0.0886
2008-05-19,12.51,12.28,12.69,12.02,92762.0,星期一,-0.0173,-0.0184
2008-05-16,13.31,12.73,13.8,12.4,248813.0,星期五,0.0254,-0.0436
2008-05-15,12.68,12.98,13.08,12.31,202689.0,星期四,0.016,0.0237
2008-05-14,12.28,12.48,12.85,11.91,141942.0,星期三,0.0311,0.0163
2008-05-13,12.4,11.91,12.84,11.88,206661.0,星期二,-0.038,-0.0395
2008-05-12,12.46,12.89,13.2,12.3,171466.0,星期一,-0.0142,0.0345
2008-05-09,12.62,12.64,13.0,12.05,183385.0,星期五,0.0186,0.0016
2008-05-08,12.15,12.39,12.73,12.0,184651.0,星期四,-0.009,0.0198
2008-05-07,12.72,12.26,13.35,12.18,355545.0,星期三,-0.0101,-0.0362
2008-05-06,11.5,12.85,12.85,11.26,338802.0,星期二,-0.0154,0.1174
2008-05-05,11.45,11.68,11.77,11.02,210420.0,星期一,0.0079,0.0201
2008-04-30,11.06,11.36,11.5,10.85,213196.0,星期三,-0.0081,0.0271
2008-04-29,11.26,11.15,11.85,11.0,189286.0,星期二,-0.0044,-0.0098
2008-04-28,10.7,11.31,11.56,10.58,184051.0,星期一,-0.0308,0.057
2008-04-25,10.79,11.04,11.8,10.66,222882.0,星期五,-0.02,0.0232
2008-04-24,10.95,11.01,11.01,10.49,259529.0,星期四,0.0939,0.0055
2008-04-23,9.52,10.01,10.2,9.0,142297.0,星期三,-0.0236,0.0515
2008-04-22,9.76,9.75,9.97,9.11,117750.0,星期二,-0.0356,-0.001
2008-04-21,10.58,10.12,10.59,9.88,154067.0,星期一,0.0807,-0.0435
2008-04-18,10.25,9.79,10.4,9.56,112704.0,星期五,-0.0247,-0.0449
2008-04-17,10.01,10.51,10.6,9.98,185585.0,星期四,-0.0167,0.05
2008-04-16,10.39,10.18,10.58,9.86,277912.0,星期三,0.0297,-0.0202
2008-04-15,9.45,10.09,10.09,9.36,250076.0,星期二,0.0305,0.0677
2008-04-14,9.7,9.17,9.94,9.13,115312.0,星期一,-0.0434,-0.0546
2008-04-11,10.26,10.14,10.38,10.0,91688.0,星期五,0.0209,-0.0117
2008-04-10,9.22,10.05,10.18,9.18,138324.0,星期四,-0.0305,0.09
2008-04-09,10.34,9.51,10.9,9.51,151392.0,星期三,-0.0218,-0.0803
2008-04-08,10.2,10.57,10.95,10.02,154754.0,星期二,-0.0107,0.0363
2008-04-07,9.45,10.31,10.56,9.22,150574.0,星期一,-0.0328,0.091
2008-04-03,8.95,9.77,10.09,8.49,167260.0,星期四,-0.0397,0.0916
2008-04-02,10.4,9.32,10.65,9.32,148573.0,星期三,0.0039,-0.1038
2008-04-01,11.2,10.36,11.5,10.1,141742.0,星期二,0.0304,-0.075
2008-03-31,11.98,10.87,11.98,10.87,139791.0,星期一,-0.0083,-0.0927
2008-03-28,11.39,12.08,12.5,10.89,201382.0,星期五,-0.0587,0.0606
2008-03-27,12.9,12.1,13.19,12.1,184212.0,星期四,-0.0402,-0.062
2008-03-26,13.97,13.44,14.25,13.18,156838.0,星期三,0.0101,-0.0379
2008-03-25,13.5,13.83,14.37,13.15,228683.0,星期二,-0.033,0.0244
2008-03-24,13.84,13.96,14.58,13.64,289159.0,星期一,0.0406,0.0087
2008-03-21,13.47,13.3,13.95,13.0,319408.0,星期五,0.012,-0.0126
2008-03-20,11.99,13.31,13.31,11.8,381759.0,星期四,-0.0091,0.1101
2008-03-19,11.49,12.1,12.1,11.12,309199.0,星期三,0.0445,0.0531
2008-03-18,11.26,11.0,11.75,10.6,204847.0,星期二,-0.0441,-0.0231
2008-03-17,13.08,11.78,13.71,11.78,222305.0,星期一,-0.0008,-0.0994
2008-03-14,12.61,13.09,13.6,12.38,148500.0,星期五,-0.0232,0.0381
2008-03-13,13.71,12.91,13.95,12.75,204347.0,星期四,-0.0325,-0.0584
2008-03-12,14.25,14.17,14.89,13.85,275524.0,星期三,0.0049,-0.0056
2008-03-11,13.31,14.18,14.48,12.66,234324.0,星期二,-0.022,0.0654
2008-03-10,13.56,13.61,14.05,13.33,146130.0,星期一,-0.028,0.0037
2008-03-07,14.2,13.95,14.84,13.48,269096.0,星期五,-0.0307,-0.0176
2008-03-06,15.68,14.65,16.25,14.55,345482.0,星期四,-0.0132,-0.0657
2008-03-05,14.7,15.89,16.3,14.6,345952.0,星期三,-0.0284,0.081
2008-03-04,14.51,15.13,16.3,14.51,431089.0,星期二,-0.0359,0.0427
2008-03-03,13.41,15.05,15.05,13.26,442627.0,星期一,-0.0197,0.1223
2008-02-29,12.69,13.68,13.87,12.58,498248.0,星期五,-0.007,0.078
2008-02-28,11.8,12.78,13.19,11.66,520535.0,星期四,-0.0158,0.0831
2008-02-27,11.59,11.99,12.4,11.26,289096.0,星期三,0.0,0.0345
2008-02-26,12.58,11.59,12.58,11.1,345575.0,星期二,0.0286,-0.0787
2008-02-25,12.26,12.23,12.78,11.92,476541.0,星期一,0.0217,-0.0024
2008-02-22,11.46,12.0,12.0,11.12,538819.0,星期五,0.0504,0.0471
2008-02-21,10.0,10.91,10.91,10.0,226418.0,星期四,0.0081,0.091
2008-02-20,10.2,9.92,10.4,9.9,120291.0,星期三,-0.0068,-0.0275
2008-02-19,10.2,10.27,10.45,10.01,144514.0,星期二,-0.002,0.0069
2008-02-18,10.25,10.22,10.6,10.1,195360.0,星期一,0.002,-0.0029
2008-02-15,9.8,10.23,10.37,9.6,169569.0,星期五,-0.0151,0.0439
2008-02-14,9.9,9.95,10.19,9.58,126349.0,星期四,0.001,0.0051
2008-02-13,9.69,9.89,10.45,9.51,232945.0,星期三,-0.0202,0.0206
2008-02-05,9.0,9.89,10.15,8.74,238406.0,星期二,-0.0249,0.0989
2008-02-04,8.69,9.23,9.23,8.48,148137.0,星期一,0.0358,0.0621
2008-02-01,9.1,8.39,9.4,8.37,204454.0,星期五,-0.0215,-0.078
2008-01-31,9.68,9.3,10.11,9.28,163896.0,星期四,-0.0202,-0.0393
2008-01-30,10.5,9.88,10.5,9.55,317912.0,星期三,-0.0104,-0.059
2008-01-29,10.52,10.61,11.0,10.0,402609.0,星期二,0.0145,0.0086
2008-01-28,10.68,10.37,11.0,9.77,490664.0,星期一,-0.0056,-0.029
2008-01-25,10.74,10.74,10.74,10.25,713502.0,星期五,0.1004,0.0
2008-01-24,9.5,9.76,9.76,9.48,70659.0,星期四,0.071,0.0274
2008-01-23,8.01,8.87,8.87,8.01,142313.0,星期三,-0.0062,0.1074
2008-01-22,8.79,8.06,8.87,8.06,89469.0,星期二,-0.0179,-0.083
2008-01-21,9.25,8.95,9.5,8.9,115485.0,星期一,0.0076,-0.0324
2008-01-18,8.8,9.18,9.5,8.79,115556.0,星期五,0.0023,0.0432
2008-01-17,8.78,8.78,9.04,8.42,66652.0,星期四,-0.0057,0.0
2008-01-16,9.1,8.83,9.1,8.78,60936.0,星期三,-0.0033,-0.0297
2008-01-15,9.1,9.13,9.27,9.03,51007.0,星期二,0.0,0.0033
2008-01-14,9.02,9.1,9.15,8.97,47936.0,星期一,-0.0099,0.0089
2008-01-11,9.35,9.11,9.35,9.0,66744.0,星期五,0.0,-0.0257
2008-01-10,9.52,9.35,9.63,9.29,181703.0,星期四,0.016,-0.0179
2008-01-09,8.9,9.37,9.38,8.78,128023.0,星期三,-0.0011,0.0528
2008-01-08,9.08,8.91,9.08,8.71,96016.0,星期二,0.0,-0.0187
2008-01-07,8.96,9.08,9.16,8.95,119741.0,星期一,0.0045,0.0134
2008-01-04,8.82,8.92,9.11,8.74,204117.0,星期五,0.0161,0.0113
2008-01-03,8.15,8.68,8.69,8.15,115550.0,星期四,0.0,0.065
2008-01-02,8.02,8.15,8.16,7.88,45714.0,星期三,0.0152,0.0162
2007-12-28,8.07,7.9,8.08,7.86,45732.0,星期五,0.0,-0.0211
2007-12-27,8.13,8.07,8.21,8.05,52328.0,星期四,0.0012,-0.0074
2007-12-26,7.97,8.12,8.15,7.97,55873.0,星期三,-0.0099,0.0188
2007-12-25,7.88,8.05,8.05,7.83,44114.0,星期二,-0.0013,0.0216
2007-12-24,7.93,7.89,8.02,7.85,45509.0,星期一,0.0051,-0.005
2007-12-21,7.8,7.89,7.94,7.76,43371.0,星期五,-0.0102,0.0115
2007-12-20,7.86,7.88,7.99,7.81,46017.0,星期四,-0.0101,0.0025
2007-12-19,7.86,7.94,8.1,7.86,147537.0,星期三,0.0129,0.0102
2007-12-18,7.76,7.76,7.85,7.57,69849.0,星期二,0.0078,0.0
2007-12-17,7.5,7.7,7.76,7.42,52587.0,星期一,-0.0013,0.0267
2007-12-14,7.2,7.51,7.55,7.14,37207.0,星期五,-0.0055,0.0431
2007-12-13,7.41,7.24,7.68,7.21,57315.0,星期四,0.0,-0.0229
2007-12-12,7.41,7.41,7.52,7.31,35186.0,星期三,-0.004,0.0
2007-12-11,7.3,7.44,7.48,7.19,50829.0,星期二,0.0,0.0192
2007-12-10,7.07,7.3,7.32,7.03,39291.0,星期一,-0.0167,0.0325
2007-12-07,7.15,7.19,7.23,7.13,28470.0,星期五,0.007,0.0056
2007-12-06,7.1,7.1,7.14,7.02,18337.0,星期四,0.0042,0.0
2007-12-05,6.97,7.07,7.15,6.97,23915.0,星期三,0.0,0.0143
2007-12-04,7.04,6.97,7.08,6.95,16901.0,星期二,-0.0028,-0.0099
2007-12-03,6.84,7.06,7.06,6.72,21123.0,星期一,0.0,0.0322
2007-11-30,7.02,6.84,7.02,6.81,13920.0,星期五,0.0043,-0.0256
2007-11-29,6.95,6.99,7.02,6.81,17046.0,星期四,0.0146,0.0058
2007-11-28,6.76,6.85,6.91,6.7,11876.0,星期三,0.003,0.0133
2007-11-27,6.73,6.74,6.86,6.72,13205.0,星期二,0.0,0.0015
2007-11-26,6.97,6.73,7.0,6.73,16128.0,星期一,0.0146,-0.0344
2007-11-23,6.72,6.87,6.88,6.68,12983.0,星期五,0.0015,0.0223
2007-11-22,7.0,6.71,7.0,6.6,29585.0,星期四,-0.0099,-0.0414
2007-11-21,7.32,7.07,7.34,7.05,25764.0,星期三,0.0041,-0.0342
2007-11-20,7.35,7.29,7.46,7.25,30222.0,星期二,-0.0014,-0.0082
2007-11-19,7.23,7.36,7.38,7.18,35015.0,星期一,-0.0014,0.018
2007-11-16,7.0,7.24,7.25,6.95,34783.0,星期五,-0.0071,0.0343
2007-11-15,7.16,7.05,7.27,7.02,27268.0,星期四,0.0014,-0.0154
2007-11-14,7.0,7.15,7.28,7.0,35667.0,星期三,0.0014,0.0214
2007-11-13,7.2,6.99,7.24,6.86,29179.0,星期二,0.0315,-0.0292
2007-11-12,6.67,6.98,7.06,6.63,38095.0,星期一,-0.0104,0.0465
2007-11-09,6.71,6.74,6.94,6.6,21964.0,星期五,0.0075,0.0045
2007-11-08,6.85,6.66,6.97,6.63,21521.0,星期四,-0.0101,-0.0277
2007-11-07,7.03,6.92,7.1,6.74,17846.0,星期三,0.0072,-0.0156
2007-11-06,6.94,6.98,7.16,6.88,22246.0,星期二,-0.0014,0.0058
2007-11-05,6.7,6.95,7.0,6.62,25896.0,星期一,-0.0015,0.0373
2007-11-02,6.78,6.71,6.78,6.53,30118.0,星期五,-0.0059,-0.0103
2007-11-01,7.19,6.82,7.2,6.81,32048.0,星期四,0.0,-0.0515
2007-10-31,7.02,7.19,7.27,6.9,41897.0,星期三,0.0057,0.0242
2007-10-30,6.99,6.98,7.04,6.77,29308.0,星期二,0.0402,-0.0014
2007-10-26,6.5,6.72,6.85,6.41,37002.0,星期五,-0.0166,0.0338
2007-10-25,7.21,6.61,7.23,6.61,79006.0,星期四,-0.0177,-0.0832
2007-10-24,7.8,7.34,7.86,7.3,73257.0,星期三,0.0,-0.059
2007-10-23,8.03,7.8,8.07,7.69,84164.0,星期二,-0.0012,-0.0286
2007-10-22,7.5,8.04,8.04,7.38,162367.0,星期一,0.026,0.072
2007-10-19,7.29,7.31,7.49,7.25,34078.0,星期五,-0.0027,0.0027
2007-10-18,7.62,7.31,7.65,7.27,44203.0,星期四,0.0,-0.0407
2007-10-17,7.79,7.62,7.81,7.55,37908.0,星期三,0.0,-0.0218
2007-10-16,7.61,7.79,7.85,7.5,50159.0,星期二,0.0,0.0237
2007-10-15,7.7,7.61,7.76,7.28,62769.0,星期一,0.0013,-0.0117
2007-10-12,8.0,7.69,8.13,7.32,129793.0,星期五,-0.016,-0.0387
2007-10-11,8.58,8.13,8.7,8.11,106301.0,星期四,-0.0046,-0.0524
2007-10-10,8.88,8.62,9.07,8.56,74007.0,星期三,-0.0045,-0.0293
2007-10-09,8.85,8.92,9.07,8.6,64927.0,星期二,-0.0034,0.0079
2007-10-08,8.82,8.88,8.99,8.58,82233.0,星期一,0.015,0.0068
2007-09-28,8.7,8.69,8.89,8.6,63237.0,星期五,0.0116,-0.0011
2007-09-27,8.65,8.6,8.79,8.55,52874.0,星期四,0.0,-0.0058
2007-09-26,9.05,8.65,9.15,8.55,90013.0,星期三,-0.0142,-0.0442
2007-09-25,9.21,9.18,9.58,9.0,160022.0,星期二,-0.0285,-0.0033
2007-09-24,8.9,9.48,9.55,8.61,197820.0,星期一,-0.0011,0.0652
2007-09-21,9.01,8.91,9.25,8.5,142895.0,星期五,-0.0066,-0.0111
2007-09-20,8.46,9.07,9.09,8.42,200472.0,星期四,0.0,0.0721
2007-09-19,8.75,8.46,8.89,8.35,82190.0,星期三,-0.0079,-0.0331
2007-09-18,8.95,8.82,8.99,8.52,102070.0,星期二,0.0011,-0.0145
2007-09-17,8.59,8.94,9.1,8.5,150142.0,星期一,-0.0115,0.0407
2007-09-14,8.32,8.69,8.77,8.19,97648.0,星期五,0.0048,0.0445
2007-09-13,8.34,8.28,8.39,8.1,62849.0,星期四,0.0097,-0.0072
2007-09-12,8.22,8.26,8.5,7.88,103345.0,星期三,-0.0036,0.0049
2007-09-11,8.9,8.25,9.27,8.16,248884.0,星期二,0.0011,-0.073
2007-09-10,8.26,8.89,8.95,8.22,154442.0,星期一,0.0049,0.0763
2007-09-07,8.59,8.22,8.65,8.2,95242.0,星期五,-0.0104,-0.0431
2007-09-06,8.58,8.68,8.7,8.4,92623.0,星期四,0.007,0.0117
2007-09-05,8.47,8.52,8.7,8.23,73331.0,星期三,0.0036,0.0059
2007-09-04,8.79,8.44,8.85,8.39,95955.0,星期二,0.0,-0.0398
2007-09-03,8.4,8.79,8.91,8.3,149395.0,星期一,0.0108,0.0464
2007-08-31,8.57,8.31,8.6,8.26,95049.0,星期五,0.0154,-0.0303
2007-08-30,7.91,8.44,8.58,7.91,140571.0,星期四,0.0038,0.067
2007-08-29,7.8,7.88,8.08,7.72,47321.0,星期三,-0.0127,0.0103
2007-08-28,7.81,7.9,7.95,7.7,46749.0,星期二,-0.0026,0.0115
2007-08-27,8.05,7.83,8.15,7.76,62179.0,星期一,0.0,-0.0273
2007-08-24,8.26,8.05,8.35,7.99,74588.0,星期五,0.0024,-0.0254
2007-08-23,7.97,8.24,8.37,7.91,87820.0,星期四,0.0,0.0339
2007-08-22,7.81,7.97,8.1,7.75,63600.0,星期三,-0.0201,0.0205
2007-08-21,8.1,7.97,8.12,7.9,46901.0,星期二,0.0,-0.016
2007-08-20,8.05,8.1,8.1,7.9,55370.0,星期一,0.0294,0.0062
2007-08-17,8.07,7.82,8.18,7.77,56849.0,星期五,-0.0049,-0.031
2007-08-16,7.96,8.11,8.12,7.8,70042.0,星期四,0.0013,0.0188
2007-08-15,7.8,7.95,8.04,7.58,60919.0,星期三,-0.0038,0.0192
2007-08-14,7.47,7.83,8.01,7.35,66156.0,星期二,0.0013,0.0482
2007-08-13,7.65,7.46,7.65,7.25,60759.0,星期一,-0.0013,-0.0248
2007-08-10,8.0,7.66,8.0,7.44,58076.0,星期五,-0.0099,-0.0425
2007-08-09,7.88,8.08,8.09,7.63,85004.0,星期四,0.0025,0.0254
2007-08-08,8.16,7.86,8.28,7.53,152362.0,星期三,-0.0239,-0.0368
2007-08-07,8.35,8.36,8.83,8.3,145702.0,星期二,-0.0048,0.0012
2007-08-06,8.46,8.39,8.57,8.1,106724.0,星期一,0.0012,-0.0083
2007-08-03,8.64,8.45,8.74,8.35,136335.0,星期五,0.0035,-0.022
2007-08-02,8.15,8.61,8.65,8.0,186508.0,星期四,0.0062,0.0564
2007-08-01,8.17,8.1,8.66,7.93,192676.0,星期三,-0.0012,-0.0086
2007-07-31,8.25,8.18,8.35,7.9,147038.0,星期二,-0.0155,-0.0085
2007-07-30,8.3,8.38,8.48,8.21,194396.0,星期一,-0.0131,0.0096
2007-07-27,8.2,8.41,8.87,8.08,302944.0,星期五,0.0123,0.0256
2007-07-26,7.59,8.1,8.1,7.42,257621.0,星期四,0.0312,0.0672
2007-07-25,6.88,7.36,7.48,6.8,208075.0,星期三,-0.0227,0.0698
2007-07-24,6.51,7.04,7.14,6.43,152069.0,星期二,0.0031,0.0814
2007-07-23,6.22,6.49,6.58,6.21,77470.0,星期一,-0.0032,0.0434
2007-07-20,5.96,6.24,6.27,5.89,71406.0,星期五,-0.005,0.047
2007-07-19,5.76,5.99,6.06,5.7,44251.0,星期四,-0.0035,0.0399
2007-07-18,5.71,5.78,5.87,5.71,25616.0,星期三,-0.0155,0.0123
2007-07-17,5.55,5.8,5.86,5.51,25871.0,星期二,-0.0107,0.045
2007-07-16,5.88,5.61,5.9,5.52,20925.0,星期一,0.0086,-0.0459
2007-07-13,5.9,5.83,5.9,5.73,16634.0,星期五,-0.0051,-0.0119
2007-07-12,5.86,5.93,5.94,5.71,33935.0,星期四,0.0034,0.0119
2007-07-11,5.56,5.84,5.87,5.56,44416.0,星期三,0.0,0.0504
2007-07-10,5.77,5.56,5.77,5.47,35495.0,星期二,0.0,-0.0364
2007-07-09,5.71,5.77,5.84,5.57,44061.0,星期一,0.0142,0.0105
2007-07-06,5.22,5.63,5.68,5.22,49090.0,星期五,-0.0057,0.0785
2007-07-05,5.49,5.25,5.59,5.25,34516.0,星期四,-0.0283,-0.0437
2007-07-04,5.9,5.65,5.95,5.48,21740.0,星期三,0.0034,-0.0424
2007-07-03,5.95,5.88,6.0,5.7,36677.0,星期二,0.0051,-0.0118
2007-07-02,5.6,5.92,5.94,5.6,32943.0,星期一,-0.0036,0.0571
2007-06-29,5.8,5.62,5.92,5.42,54483.0,星期五,-0.0317,-0.031
2007-06-28,6.59,5.99,6.59,5.98,61422.0,星期四,-0.0075,-0.091
2007-06-27,6.45,6.64,6.75,6.36,64402.0,星期三,0.0142,0.0295
2007-06-26,5.82,6.36,6.38,5.8,69394.0,星期二,-0.0284,0.0928
2007-06-25,6.85,5.99,6.85,5.98,67506.0,星期一,0.0316,-0.1255
2007-06-22,7.3,6.64,7.36,6.57,84249.0,星期五,0.0,-0.0904
2007-06-21,7.49,7.3,7.7,7.11,74698.0,星期四,-0.0013,-0.0254
2007-06-20,7.86,7.5,7.98,7.48,90987.0,星期三,0.0013,-0.0458
2007-06-19,7.87,7.85,7.87,7.51,98721.0,星期二,-0.0038,-0.0025
2007-06-18,7.82,7.9,8.09,7.82,94334.0,星期一,0.0209,0.0102
2007-06-15,7.75,7.66,7.97,7.55,75910.0,星期五,-0.0165,-0.0116
2007-06-14,8.2,7.88,8.2,7.58,108748.0,星期四,0.0,-0.039
2007-06-13,7.86,8.2,8.44,7.73,272173.0,星期三,0.0234,0.0433
2007-06-12,7.18,7.68,7.86,6.55,165959.0,星期二,-0.011,0.0696
2007-06-11,7.25,7.26,7.49,7.08,108746.0,星期一,0.0042,0.0014
2007-06-08,7.06,7.22,7.39,7.04,124041.0,星期五,0.0144,0.0227
2007-06-07,6.61,6.96,6.96,6.5,114148.0,星期四,0.0015,0.053
2007-06-06,6.6,6.6,6.86,6.51,117253.0,星期三,0.0138,0.0
2007-06-05,6.18,6.51,6.55,6.09,141524.0,星期二,-0.0871,0.0534
2007-06-04,7.41,6.77,7.42,6.77,91042.0,星期一,-0.0146,-0.0864
2007-06-01,8.2,7.52,8.49,7.52,127647.0,星期五,-0.0191,-0.0829
2007-05-31,8.9,8.36,8.98,8.36,126086.0,星期四,-0.042,-0.0607
2007-05-30,9.6,9.29,9.95,9.29,146189.0,星期三,-0.0698,-0.0323
2007-05-29,10.33,10.32,10.43,10.11,170060.0,星期二,0.0,-0.001
2007-05-28,10.18,10.33,10.58,10.16,174445.0,星期一,0.0049,0.0147
2007-05-25,10.12,10.13,10.45,9.9,167271.0,星期五,0.004,0.001
2007-05-24,10.12,10.08,10.23,9.5,243978.0,星期四,0.0358,-0.004
2007-05-22,9.51,9.77,10.2,9.4,254144.0,星期二,0.0117,0.0273
2007-05-21,9.01,9.4,9.58,8.93,173902.0,星期一,-0.0435,0.0433
2007-05-18,9.08,9.42,9.65,9.01,207111.0,星期五,0.0044,0.0374
2007-05-17,9.0,9.04,9.26,9.0,100892.0,星期四,0.009,0.0044
2007-05-16,8.65,8.92,8.95,8.56,99132.0,星期三,0.0046,0.0312
2007-05-15,9.32,8.61,9.43,8.58,139717.0,星期二,0.0032,-0.0762
2007-05-14,8.7,9.29,9.43,8.65,169026.0,星期一,-0.0225,0.0678
2007-05-11,9.0,8.9,9.0,8.7,111837.0,星期五,-0.0121,-0.0111
2007-05-10,9.3,9.11,9.34,8.99,121166.0,星期四,0.0098,-0.0204
2007-05-09,9.03,9.21,9.45,8.58,242976.0,星期三,-0.0011,0.0199
2007-05-08,8.35,9.04,9.04,8.25,242003.0,星期二,0.0158,0.0826
2007-04-30,8.28,8.22,8.35,8.08,118927.0,星期一,-0.0096,-0.0072
2007-04-27,8.7,8.36,8.75,8.25,103516.0,星期五,0.0093,-0.0391
2007-04-26,8.3,8.62,8.75,8.3,145182.0,星期四,0.0012,0.0386
2007-04-25,8.44,8.29,8.44,8.08,114865.0,星期三,-0.0071,-0.0178
2007-04-24,8.4,8.5,8.66,8.19,230769.0,星期二,0.0084,0.0119
2007-04-23,8.09,8.33,8.36,8.08,159197.0,星期一,0.0037,0.0297
2007-04-20,7.75,8.06,8.1,7.75,106842.0,星期五,0.0052,0.04
2007-04-19,8.4,7.71,8.4,7.63,157482.0,星期四,-0.0094,-0.0821
2007-04-18,8.15,8.48,8.5,8.01,204278.0,星期三,0.0012,0.0405
2007-04-17,7.95,8.14,8.18,7.77,154675.0,星期二,-0.0062,0.0239
2007-04-16,7.9,8.0,8.14,7.81,118015.0,星期一,0.0,0.0127
2007-04-13,8.17,7.9,8.17,7.84,159328.0,星期五,0.0,-0.033
2007-04-12,8.28,8.17,8.39,8.0,167570.0,星期四,0.0,-0.0133
2007-04-11,8.0,8.28,8.8,7.83,197529.0,星期三,0.0,0.035
2007-04-10,7.67,8.0,8.29,7.6,352570.0,星期二,0.0119,0.043
2007-04-09,7.3,7.58,7.58,7.18,416168.0,星期一,0.0595,0.0384
2007-04-06,6.14,6.89,6.89,6.09,196286.0,星期五,-0.0192,0.1221
2007-04-05,6.14,6.26,6.42,6.14,113604.0,星期四,0.0016,0.0195
2007-04-04,6.15,6.13,6.18,6.01,107977.0,星期三,0.0016,-0.0033
2007-04-03,5.89,6.14,6.19,5.87,109922.0,星期二,0.0017,0.0424
2007-04-02,5.76,5.88,5.91,5.74,46434.0,星期一,0.0035,0.0208
2007-03-30,5.71,5.74,5.81,5.6,41792.0,星期五,-0.0035,0.0053
2007-03-29,6.06,5.73,6.14,5.72,89469.0,星期四,0.005,-0.0545
2007-03-28,6.29,6.03,6.3,5.81,125476.0,星期三,0.0048,-0.0413
2007-03-27,6.18,6.26,6.28,6.11,104820.0,星期二,0.0,0.0129
2007-03-26,6.01,6.18,6.28,6.01,124850.0,星期一,0.0135,0.0283
2007-03-23,5.82,5.93,5.98,5.75,81698.0,星期五,0.0,0.0189
2007-03-22,5.92,5.82,5.96,5.8,83319.0,星期四,0.0034,-0.0169
2007-03-21,5.75,5.9,5.92,5.69,88078.0,星期三,0.0052,0.0261
2007-03-20,5.58,5.72,5.74,5.58,55562.0,星期二,0.0,0.0251
2007-03-19,5.43,5.58,5.65,5.34,63458.0,星期一,-0.0338,0.0276
2007-03-16,5.94,5.62,5.96,5.52,94189.0,星期五,0.0034,-0.0539
2007-03-15,5.87,5.92,6.05,5.83,79187.0,星期四,0.0,0.0085
2007-03-14,5.96,5.87,6.1,5.61,132058.0,星期三,-0.005,-0.0151
2007-03-13,6.06,5.99,6.17,5.96,102914.0,星期二,-0.0016,-0.0116
2007-03-12,5.71,6.07,6.2,5.6,152537.0,星期一,0.0,0.063
2007-03-09,5.49,5.71,6.05,5.42,174393.0,星期五,-0.0018,0.0401
2007-03-08,5.48,5.5,5.6,5.32,83710.0,星期四,0.0092,0.0036
2007-03-07,5.39,5.43,5.53,5.25,64877.0,星期三,0.0,0.0074
2007-03-06,5.48,5.39,5.49,5.21,55154.0,星期二,-0.0144,-0.0164
2007-03-05,5.23,5.56,5.65,5.16,118668.0,星期一,0.0,0.0631
2007-03-02,5.38,5.23,5.38,5.08,108432.0,星期五,-0.0019,-0.0279
2007-03-01,5.68,5.39,5.68,5.22,137535.0,星期四,-0.0122,-0.0511
2007-02-28,5.88,5.75,5.9,5.39,210803.0,星期三,0.0929,-0.0221
2007-02-27,5.68,5.38,5.68,5.19,366598.0,星期二,0.1008,-0.0528
2007-02-26,4.85,5.16,5.16,4.79,53791.0,星期一,0.0341,0.0639
2007-02-16,4.29,4.69,4.69,4.29,60864.0,星期五,0.007,0.0932
2007-02-15,4.19,4.26,4.27,4.19,51175.0,星期四,0.0,0.0167
2007-02-14,4.1,4.19,4.24,4.06,57438.0,星期三,0.0024,0.022
2007-02-13,4.12,4.09,4.12,4.02,43839.0,星期二,0.0049,-0.0073
2007-02-12,4.11,4.1,4.12,4.04,45055.0,星期一,0.0098,-0.0024
2007-02-09,4.05,4.07,4.13,3.98,53438.0,星期五,0.0075,0.0049
2007-02-08,4.01,4.02,4.15,3.98,70863.0,星期四,0.0025,0.0025
2007-02-07,3.98,4.0,4.04,3.86,70863.0,星期三,0.0102,0.005
2007-02-06,3.8,3.94,3.94,3.8,52056.0,星期二,0.0053,0.0368
2007-02-05,3.75,3.78,3.85,3.75,38248.0,星期一,0.0135,0.008
2007-02-02,3.76,3.7,3.9,3.7,56234.0,星期五,-0.0027,-0.016
2007-02-01,3.7,3.77,3.83,3.6,64084.0,星期四,-0.016,0.0189
2007-01-31,3.8,3.76,4.06,3.7,133946.0,星期三,0.0106,-0.0105
2007-01-30,3.8,3.76,3.84,3.7,51015.0,星期二,0.008,-0.0105
2007-01-29,3.66,3.77,3.81,3.65,51915.0,星期一,0.0,0.0301
2007-01-26,3.62,3.66,3.72,3.46,53430.0,星期五,-0.0136,0.011
2007-01-25,3.89,3.67,3.89,3.62,62502.0,星期四,0.0,-0.0566
2007-01-24,3.8,3.89,3.97,3.76,66487.0,星期三,0.0,0.0237
2007-01-23,3.8,3.8,3.83,3.65,74739.0,星期二,0.0026,0.0
2007-01-22,3.65,3.79,3.8,3.65,86122.0,星期一,0.0196,0.0384
2007-01-19,3.52,3.58,3.64,3.5,67315.0,星期五,0.0,0.017
2007-01-18,3.38,3.52,3.56,3.35,69719.0,星期四,-0.0029,0.0414
2007-01-17,3.41,3.39,3.48,3.35,56443.0,星期三,0.0,-0.0059
2007-01-16,3.37,3.41,3.43,3.32,37271.0,星期二,0.0,0.0119
2007-01-15,3.25,3.37,3.38,3.25,31431.0,星期一,0.0031,0.0369
2007-01-12,3.45,3.24,3.47,3.22,45406.0,星期五,0.0029,-0.0609
2007-01-11,3.34,3.44,3.59,3.33,90451.0,星期四,0.006,0.0299
2007-01-10,3.29,3.32,3.32,3.23,38519.0,星期三,0.0,0.0091
2007-01-09,3.27,3.29,3.3,3.25,36849.0,星期二,0.0,0.0061
2007-01-08,3.15,3.27,3.27,3.13,37930.0,星期一,0.0,0.0381
2007-01-05,3.13,3.15,3.15,3.09,18550.0,星期五,0.0129,0.0064
2007-01-04,3.16,3.09,3.17,3.08,24867.0,星期四,0.0096,-0.0222
2006-12-29,3.06,3.13,3.15,3.05,21101.0,星期五,0.0033,0.0229
2006-12-28,3.17,3.05,3.19,3.04,24348.0,星期四,-0.0063,-0.0379
2006-12-27,3.19,3.19,3.23,3.15,14234.0,星期三,-0.0062,0.0
2006-12-26,3.27,3.21,3.28,3.19,20399.0,星期二,-0.003,-0.0183
2006-12-25,3.28,3.28,3.34,3.24,34502.0,星期一,0.0031,0.0
2006-12-22,3.23,3.27,3.29,3.22,35215.0,星期五,-0.0031,0.0124
2006-12-21,3.24,3.24,3.27,3.19,33079.0,星期四,0.0,0.0
2006-12-20,3.28,3.24,3.28,3.17,22011.0,星期三,0.0,-0.0122
2006-12-19,3.18,3.28,3.3,3.15,40256.0,星期二,0.0,0.0314
2006-12-18,3.25,3.18,3.25,3.16,26134.0,星期一,0.0062,-0.0215
2006-12-15,3.27,3.23,3.28,3.21,53438.0,星期五,0.0124,-0.0122
2006-12-14,3.23,3.23,3.23,3.14,31192.0,星期四,0.0125,0.0
2006-12-13,3.13,3.19,3.2,3.11,34590.0,星期三,-0.0032,0.0192
2006-12-12,3.08,3.14,3.16,2.99,22421.0,星期二,0.0033,0.0195
2006-12-11,2.99,3.07,3.08,2.99,12006.0,星期一,-0.0033,0.0268
2006-12-08,3.1,3.0,3.12,3.0,22561.0,星期五,-0.0032,-0.0323
2006-12-07,3.17,3.11,3.21,3.11,31323.0,星期四,0.0,-0.0189
2006-12-06,3.2,3.17,3.26,3.08,27096.0,星期三,-0.0062,-0.0094
2006-12-05,3.17,3.22,3.27,3.17,30143.0,星期二,0.0,0.0158
2006-12-04,3.15,3.17,3.18,3.12,24891.0,星期一,0.0,0.0063
2006-12-01,3.18,3.15,3.19,3.14,19930.0,星期五,0.0,-0.0094
2006-11-30,3.1,3.18,3.2,3.1,25588.0,星期四,0.0,0.0258
2006-11-29,3.11,3.1,3.11,3.08,15304.0,星期三,-0.0096,-0.0032
2006-11-28,3.14,3.14,3.17,3.12,12162.0,星期二,0.0032,0.0
2006-11-27,3.14,3.13,3.14,3.09,10166.0,星期一,0.0064,-0.0032
2006-11-24,3.07,3.12,3.16,3.03,21199.0,星期五,0.0,0.0163
2006-11-23,3.07,3.07,3.07,3.04,11457.0,星期四,0.0,0.0
2006-11-22,3.02,3.07,3.09,2.99,14087.0,星期三,0.0,0.0166
2006-11-21,2.98,3.02,3.02,2.96,10218.0,星期二,0.0,0.0134
2006-11-20,3.02,2.98,3.02,2.96,10789.0,星期一,0.0,-0.0132
2006-11-17,2.98,3.02,3.03,2.96,9694.0,星期五,-0.0033,0.0134
2006-11-16,3.05,2.99,3.05,2.99,10110.0,星期四,0.0,-0.0197
2006-11-15,3.04,3.05,3.05,2.99,10090.0,星期三,0.0,0.0033
2006-11-14,3.0,3.04,3.05,2.96,10437.0,星期二,0.0033,0.0133
2006-11-13,3.12,2.99,3.14,2.99,15143.0,星期一,0.0,-0.0417
2006-11-10,3.22,3.12,3.26,3.11,13651.0,星期五,-0.0031,-0.0311
2006-11-09,3.2,3.23,3.26,3.19,7641.0,星期四,-0.0031,0.0094
2006-11-08,3.19,3.21,3.22,3.18,6264.0,星期三,0.0,0.0063
2006-11-07,3.22,3.19,3.26,3.17,11173.0,星期二,0.0,-0.0093
2006-11-06,3.26,3.22,3.26,3.21,8468.0,星期一,-0.0061,-0.0123
2006-11-03,3.2,3.28,3.29,3.2,16970.0,星期五,0.0031,0.025
2006-11-02,3.21,3.19,3.21,3.16,9475.0,星期四,0.0,-0.0062
2006-11-01,3.21,3.21,3.21,3.17,12625.0,星期三,-0.0031,0.0
2006-10-31,3.22,3.22,3.22,3.16,9904.0,星期二,0.0,0.0
2006-10-30,3.11,3.22,3.23,3.11,11274.0,星期一,-0.0251,0.0354
2006-10-27,3.27,3.19,3.29,3.16,22192.0,星期五,0.0,-0.0245
2006-10-26,3.27,3.27,3.3,3.26,9479.0,星期四,0.0,0.0
2006-10-25,3.31,3.27,3.35,3.24,14191.0,星期三,0.0,-0.0121
2006-10-24,3.22,3.31,3.35,3.22,21396.0,星期二,0.0031,0.028
2006-10-23,3.38,3.21,3.4,3.2,29094.0,星期一,0.0,-0.0503
2006-10-20,3.5,3.38,3.51,3.37,33860.0,星期五,0.0057,-0.0343
2006-10-19,3.52,3.48,3.52,3.45,18191.0,星期四,0.0,-0.0114
2006-10-18,3.47,3.52,3.55,3.45,17190.0,星期三,-0.0029,0.0144
2006-10-17,3.49,3.48,3.51,3.46,10451.0,星期二,0.0,-0.0029
2006-10-16,3.51,3.49,3.52,3.45,18320.0,星期一,0.0,-0.0057
2006-10-13,3.54,3.51,3.58,3.5,18396.0,星期五,-0.0084,-0.0085
2006-10-12,3.55,3.57,3.6,3.52,24927.0,星期四,-0.0056,0.0056
2006-10-11,3.55,3.57,3.59,3.49,22992.0,星期三,0.0,0.0056
2006-10-10,3.5,3.55,3.58,3.48,26200.0,星期二,0.0,0.0143
2006-10-09,3.5,3.5,3.52,3.45,22028.0,星期一,0.0116,0.0
2006-09-29,3.48,3.46,3.5,3.45,16376.0,星期五,0.0029,-0.0057
2006-09-28,3.44,3.47,3.47,3.41,14367.0,星期四,0.0,0.0087
2006-09-27,3.41,3.44,3.46,3.4,13242.0,星期三,0.0029,0.0088
2006-09-26,3.48,3.4,3.51,3.38,34207.0,星期二,-0.0114,-0.023
2006-09-25,3.57,3.52,3.62,3.48,27466.0,星期一,0.0,-0.014
2006-09-22,3.7,3.57,3.7,3.57,25733.0,星期五,0.0054,-0.0351
2006-09-21,3.66,3.68,3.71,3.61,37557.0,星期四,0.0,0.0055
2006-09-20,3.56,3.66,3.69,3.5,49201.0,星期三,-0.0028,0.0281
2006-09-19,3.62,3.57,3.63,3.54,23200.0,星期二,0.0,-0.0138
2006-09-18,3.57,3.62,3.63,3.54,39903.0,星期一,0.0,0.014
2006-09-15,3.57,3.57,3.62,3.55,33276.0,星期五,-0.0028,0.0
2006-09-14,3.52,3.58,3.58,3.45,23279.0,星期四,0.0028,0.017
2006-09-13,3.58,3.51,3.59,3.5,28921.0,星期三,-0.0028,-0.0196
2006-09-12,3.74,3.59,3.76,3.58,70881.0,星期二,0.0191,-0.0401
2006-09-11,3.53,3.67,3.67,3.53,46843.0,星期一,-0.0084,0.0397
2006-09-08,3.53,3.56,3.66,3.53,36073.0,星期五,-0.014,0.0085
2006-09-07,3.65,3.58,3.65,3.53,30772.0,星期四,-0.0054,-0.0192
2006-09-06,3.55,3.67,3.69,3.53,60595.0,星期三,-0.0084,0.0338
2006-09-05,3.53,3.58,3.6,3.52,28800.0,星期二,-0.0084,0.0142
2006-09-04,3.47,3.56,3.61,3.42,47046.0,星期一,0.0,0.0259
2006-09-01,3.43,3.47,3.55,3.42,36148.0,星期五,-0.0115,0.0117
2006-08-31,3.49,3.47,3.5,3.39,27205.0,星期四,0.0,-0.0057
2006-08-30,3.47,3.49,3.52,3.38,32956.0,星期三,-0.0086,0.0058
2006-08-29,3.55,3.5,3.62,3.48,120209.0,星期二,0.0114,-0.0141
2006-08-28,3.46,3.51,3.53,3.41,48488.0,星期一,0.0058,0.0145
2006-08-25,3.43,3.44,3.47,3.38,39727.0,星期五,0.0059,0.0029
2006-08-24,3.31,3.41,3.42,3.3,34026.0,星期四,0.0061,0.0302
2006-08-23,3.32,3.29,3.35,3.28,26081.0,星期三,0.003,-0.009
2006-08-22,3.29,3.31,3.37,3.28,29438.0,星期二,0.0,0.0061
2006-08-21,3.2,3.29,3.32,3.13,30410.0,星期一,-0.0448,0.0281
2006-08-18,3.43,3.35,3.49,3.34,29585.0,星期五,-0.0087,-0.0233
2006-08-17,3.5,3.46,3.51,3.42,24272.0,星期四,-0.0169,-0.0114
2006-08-16,3.39,3.56,3.62,3.32,65803.0,星期三,-0.0174,0.0501
2006-08-15,3.55,3.45,3.55,3.29,72198.0,星期二,-0.0274,-0.0282
2006-08-14,3.59,3.65,3.75,3.52,71960.0,星期一,0.0,0.0167
2006-08-11,3.55,3.59,3.65,3.54,29246.0,星期五,-0.0193,0.0113
2006-08-10,3.44,3.62,3.66,3.38,47123.0,星期四,0.0,0.0523
2006-08-09,3.42,3.44,3.49,3.36,24773.0,星期三,0.0029,0.0058
2006-08-08,3.32,3.41,3.45,3.31,31352.0,星期二,-0.003,0.0271
2006-08-07,3.59,3.33,3.59,3.32,49821.0,星期一,-0.0083,-0.0724
2006-08-04,3.59,3.62,3.76,3.55,64656.0,星期五,0.0113,0.0084
2006-08-03,3.58,3.55,3.64,3.5,23271.0,星期四,0.0,-0.0084
2006-08-02,3.68,3.58,3.69,3.51,38767.0,星期三,-0.0054,-0.0272
2006-08-01,3.56,3.7,3.78,3.54,63510.0,星期二,-0.0111,0.0393
2006-07-31,3.86,3.6,3.86,3.58,86683.0,星期一,-0.0077,-0.0674
2006-07-28,4.0,3.89,4.04,3.84,126866.0,星期五,-0.0244,-0.0275
2006-07-27,4.01,4.1,4.19,3.92,312669.0,星期四,0.0443,0.0224
2006-07-26,3.57,3.84,3.84,3.56,67895.0,星期三,0.0229,0.0756
2006-07-25,3.4,3.49,3.49,3.39,22630.0,星期二,0.0,0.0265
2006-07-24,3.36,3.4,3.41,3.34,9755.0,星期一,-0.0233,0.0119
2006-07-21,3.39,3.44,3.45,3.36,12834.0,星期五,0.0,0.0147
2006-07-20,3.35,3.39,3.46,3.31,12933.0,星期四,0.0,0.0119
2006-07-19,3.39,3.35,3.49,3.33,21030.0,星期三,-0.0088,-0.0118
2006-07-18,3.41,3.42,3.43,3.34,14141.0,星期二,0.0,0.0029
2006-07-17,3.32,3.41,3.48,3.3,23882.0,星期一,0.0061,0.0271
2006-07-14,3.3,3.3,3.36,3.25,18455.0,星期五,0.0,0.0
2006-07-13,3.57,3.3,3.59,3.27,52244.0,星期四,0.0,-0.0756
2006-07-12,3.67,3.57,3.68,3.56,27364.0,星期三,-0.0054,-0.0272
2006-07-11,3.67,3.69,3.7,3.56,39005.0,星期二,-0.0027,0.0054
2006-07-10,3.65,3.68,3.77,3.64,66715.0,星期一,0.0027,0.0082
2006-07-07,3.53,3.64,3.79,3.51,118087.0,星期五,0.0086,0.0312
2006-07-06,3.38,3.5,3.54,3.38,34754.0,星期四,0.006,0.0355
2006-07-05,3.4,3.36,3.44,3.35,21260.0,星期三,-0.0116,-0.0118
2006-07-04,3.52,3.44,3.53,3.39,25529.0,星期二,0.0057,-0.0227
2006-07-03,3.46,3.5,3.55,3.42,24471.0,星期一,0.0,0.0116
2006-06-30,3.56,3.46,3.57,3.43,31932.0,星期五,-0.0056,-0.0281
2006-06-29,3.5,3.58,3.59,3.41,45422.0,星期四,0.0086,0.0229
2006-06-27,3.58,3.47,3.58,3.46,17164.0,星期二,-0.0028,-0.0307
2006-06-26,3.5,3.59,3.59,3.47,21506.0,星期一,0.0,0.0257
2006-06-23,3.41,3.5,3.55,3.35,19502.0,星期五,-0.0201,0.0264
2006-06-22,3.49,3.48,3.56,3.44,15706.0,星期四,0.0,-0.0029
2006-06-21,3.54,3.49,3.57,3.44,26982.0,星期三,0.0,-0.0141
2006-06-20,3.41,3.54,3.69,3.38,42432.0,星期二,-0.0029,0.0381
2006-06-19,3.4,3.42,3.47,3.36,18897.0,星期一,-0.0087,0.0059
2006-06-16,3.35,3.43,3.46,3.35,25195.0,星期五,0.006,0.0239
2006-06-15,3.37,3.33,3.38,3.3,11583.0,星期四,0.0,-0.0119
2006-06-14,3.2,3.37,3.39,3.19,34029.0,星期三,-0.0093,0.0531
2006-06-13,3.24,3.23,3.3,3.19,14724.0,星期二,0.0,-0.0031
2006-06-12,3.18,3.24,3.27,3.13,13387.0,星期一,-0.0093,0.0189
2006-06-09,3.33,3.21,3.39,3.2,24643.0,星期五,-0.006,-0.036
2006-06-08,3.3,3.35,3.38,3.12,33751.0,星期四,0.003,0.0152
2006-06-07,3.6,3.29,3.66,3.28,41337.0,星期三,-0.011,-0.0861
2006-06-06,3.85,3.64,3.85,3.61,55643.0,星期二,0.0267,-0.0545
2006-06-05,3.68,3.75,3.75,3.55,57312.0,星期一,0.0,0.019
2006-06-02,3.57,3.68,3.74,3.54,137414.0,星期五,0.0085,0.0308
2006-06-01,3.32,3.54,3.58,3.32,61067.0,星期四,0.0,0.0663
2006-05-31,3.41,3.32,3.41,3.3,24274.0,星期三,0.0,-0.0264
2006-05-30,3.4,3.41,3.43,3.35,20156.0,星期二,-0.0087,0.0029
2006-05-29,3.35,3.43,3.44,3.32,25795.0,星期一,-0.003,0.0239
2006-05-26,3.33,3.36,3.37,3.28,22065.0,星期五,0.0,0.009
2006-05-25,3.29,3.33,3.34,3.21,14747.0,星期四,0.003,0.0122
2006-05-24,3.33,3.28,3.45,3.18,27931.0,星期三,-0.0148,-0.015
2006-05-23,3.61,3.38,3.61,3.37,37966.0,星期二,-0.0082,-0.0637
2006-05-22,3.58,3.64,3.75,3.5,48774.0,星期一,0.0,0.0168
2006-05-19,3.59,3.58,3.67,3.54,54421.0,星期五,0.0113,-0.0028
2006-05-18,3.39,3.55,3.58,3.35,31095.0,星期四,-0.0059,0.0472
2006-05-17,3.39,3.41,3.48,3.31,33560.0,星期三,-0.0029,0.0059
2006-05-16,3.65,3.4,3.68,3.38,78383.0,星期二,0.0,-0.0685
2006-05-15,3.48,3.65,3.66,3.35,111132.0,星期一,0.0058,0.0489
2006-05-12,3.16,3.46,3.48,3.13,83711.0,星期五,-0.0032,0.0949
2006-05-11,3.13,3.17,3.3,3.1,56415.0,星期四,0.0,0.0128
2006-05-10,3.2,3.13,3.2,3.08,36838.0,星期三,-0.0031,-0.0219
2006-05-09,3.18,3.21,3.25,3.11,40627.0,星期二,0.0063,0.0094
2006-04-28,3.14,3.16,3.24,3.06,59084.0,星期五,0.0,0.0064
2006-04-27,3.03,3.14,3.15,3.01,26726.0,星期四,-0.0098,0.0363
2006-04-26,2.93,3.06,3.06,2.92,25048.0,星期三,-0.0068,0.0444
2006-04-25,2.97,2.95,2.97,2.88,14333.0,星期二,-0.0034,-0.0067
2006-04-24,3.06,2.98,3.08,2.92,20498.0,星期一,0.0066,-0.0261
2006-04-21,2.95,3.04,3.04,2.95,23504.0,星期五,0.0068,0.0305
2006-04-20,3.13,2.93,3.13,2.88,36963.0,星期四,0.0,-0.0639
2006-04-19,3.14,3.13,3.17,3.08,13443.0,星期三,0.0,-0.0032
2006-04-18,3.18,3.14,3.18,3.11,12275.0,星期二,0.0,-0.0126
2006-04-17,3.18,3.18,3.22,3.16,12733.0,星期一,-0.0031,0.0
2006-04-14,3.12,3.19,3.2,3.11,13857.0,星期五,0.0032,0.0224
2006-04-13,3.3,3.11,3.36,3.1,25826.0,星期四,-0.006,-0.0576
2006-04-12,3.28,3.32,3.33,3.23,17869.0,星期三,-0.0091,0.0122
2006-04-11,3.36,3.31,3.38,3.25,28312.0,星期二,-0.0059,-0.0149
2006-04-10,3.39,3.38,3.4,3.3,30535.0,星期一,0.0,-0.0029
2006-04-07,3.26,3.39,3.45,3.26,85036.0,星期五,0.0062,0.0399
2006-04-06,3.22,3.24,3.27,3.17,28530.0,星期四,-0.0062,0.0062
2006-04-05,3.15,3.24,3.28,3.13,48801.0,星期三,0.0,0.0286
2006-04-04,3.12,3.15,3.16,3.09,15587.0,星期二,0.0032,0.0096
2006-04-03,3.08,3.11,3.11,3.03,13572.0,星期一,0.0,0.0097
2006-03-31,3.05,3.08,3.09,3.03,8719.0,星期五,0.0,0.0098
2006-03-30,3.13,3.05,3.14,3.05,10175.0,星期四,0.0,-0.0256
2006-03-29,3.16,3.13,3.18,3.11,18323.0,星期三,-0.0063,-0.0095
2006-03-28,3.16,3.18,3.21,3.13,40668.0,星期二,0.0227,0.0063
2006-03-27,3.0,3.09,3.1,2.97,12891.0,星期一,0.0,0.03
2006-03-24,3.08,3.0,3.08,2.97,12062.0,星期五,0.0,-0.026
2006-03-23,3.05,3.08,3.11,3.0,19359.0,星期四,0.0099,0.0098
2006-03-22,3.01,3.02,3.04,2.95,8448.0,星期三,0.0,0.0033
2006-03-21,3.06,3.01,3.09,3.0,16021.0,星期二,0.0033,-0.0163
2006-03-20,2.94,3.05,3.08,2.9,20630.0,星期一,0.0,0.0374
2006-03-17,2.85,2.94,2.95,2.85,11243.0,星期五,-0.0035,0.0316
2006-03-16,2.85,2.86,2.87,2.83,6528.0,星期四,0.0035,0.0035
2006-03-15,2.82,2.84,2.85,2.8,5659.0,星期三,0.0,0.0071
2006-03-14,2.86,2.82,2.86,2.79,6227.0,星期二,0.0106,-0.014
2006-03-13,2.81,2.83,2.86,2.8,4230.0,星期一,0.0,0.0071
2006-03-10,2.85,2.81,2.88,2.8,12432.0,星期五,-0.2748,-0.014
2006-02-20,4.05,3.93,4.05,3.92,11260.0,星期一,-0.0025,-0.0296
2006-02-17,3.93,4.06,4.13,3.93,23839.0,星期五,-0.0025,0.0331
2006-02-16,4.15,3.94,4.15,3.93,12111.0,星期四,0.0048,-0.0506
2006-02-15,4.16,4.13,4.19,4.08,11076.0,星期三,0.0024,-0.0072
2006-02-14,4.11,4.15,4.17,4.1,7680.0,星期二,-0.0024,0.0097
2006-02-13,4.37,4.12,4.39,4.07,18453.0,星期一,0.0307,-0.0572
2006-01-20,4.18,4.24,4.28,4.11,20635.0,星期五,0.0024,0.0144
2006-01-19,4.23,4.17,4.25,4.16,23339.0,星期四,0.0,-0.0142
2006-01-18,4.02,4.23,4.25,4.02,52848.0,星期三,0.0025,0.0522
2006-01-17,3.86,4.01,4.05,3.85,18955.0,星期二,-0.0052,0.0389
2006-01-16,4.08,3.88,4.08,3.87,15873.0,星期一,0.02,-0.049
2006-01-13,4.04,4.0,4.09,3.96,14805.0,星期五,0.0025,-0.0099
2006-01-12,3.95,4.03,4.04,3.9,19612.0,星期四,-0.01,0.0203
2006-01-11,3.9,3.99,4.05,3.88,33668.0,星期三,0.0,0.0231
2006-01-10,3.9,3.9,3.94,3.82,18389.0,星期二,-0.0127,0.0
2006-01-09,3.77,3.95,3.98,3.73,50901.0,星期一,0.0329,0.0477
2006-01-06,3.64,3.65,3.73,3.62,19928.0,星期五,0.0,0.0027
2006-01-05,3.61,3.64,3.64,3.57,9700.0,星期四,0.0112,0.0083
2006-01-04,3.5,3.57,3.59,3.5,4661.0,星期三,0.0,0.02
2005-12-30,3.6,3.5,3.61,3.5,5400.0,星期五,0.0,-0.0278
2005-12-29,3.57,3.6,3.61,3.56,6795.0,星期四,0.0,0.0084
2005-12-28,3.56,3.57,3.58,3.54,2458.0,星期三,0.0,0.0028
2005-12-27,3.6,3.56,3.61,3.54,4222.0,星期二,0.0,-0.0111
2005-12-26,3.59,3.6,3.62,3.56,6097.0,星期一,-0.0028,0.0028
2005-12-23,3.57,3.6,3.6,3.54,7080.0,星期五,0.0,0.0084
2005-12-22,3.58,3.57,3.6,3.5,8309.0,星期四,0.0,-0.0028
2005-12-21,3.51,3.58,3.6,3.5,8991.0,星期三,-0.014,0.0199
2005-12-20,3.52,3.56,3.57,3.49,5742.0,星期二,-0.0028,0.0114
2005-12-19,3.5,3.53,3.54,3.49,3777.0,星期一,-0.0028,0.0086
2005-12-16,3.56,3.51,3.56,3.48,4879.0,星期五,0.0114,-0.014
2005-12-15,3.55,3.52,3.62,3.52,6694.0,星期四,-0.0028,-0.0085
2005-12-14,3.58,3.56,3.64,3.52,12477.0,星期三,0.0287,-0.0056
2005-12-13,3.48,3.48,3.48,3.4,3247.0,星期二,0.0,0.0
2005-12-12,3.46,3.48,3.5,3.45,4551.0,星期一,0.0,0.0058
2005-12-09,3.38,3.46,3.47,3.33,4710.0,星期五,-0.0088,0.0237
2005-12-08,3.41,3.41,3.45,3.37,3201.0,星期四,-0.0029,0.0
2005-12-07,3.38,3.42,3.46,3.38,2914.0,星期三,-0.0059,0.0118
2005-12-06,3.4,3.4,3.42,3.36,3024.0,星期二,0.0089,0.0
2005-12-05,3.51,3.37,3.51,3.37,6171.0,星期一,0.0,-0.0399
2005-12-02,3.57,3.51,3.6,3.5,5191.0,星期五,0.0,-0.0168
2005-12-01,3.55,3.57,3.65,3.54,3770.0,星期四,-0.0056,0.0056
2005-11-30,3.56,3.57,3.6,3.52,3079.0,星期三,-0.0028,0.0028
2005-11-29,3.67,3.57,3.67,3.55,8110.0,星期二,-0.0108,-0.0272
2005-11-28,3.58,3.71,3.77,3.55,15997.0,星期一,0.0028,0.0363
2005-11-25,3.61,3.57,3.62,3.55,3705.0,星期五,-0.0055,-0.0111
2005-11-24,3.56,3.63,3.67,3.51,9482.0,星期四,0.0085,0.0197
2005-11-23,3.5,3.53,3.57,3.5,2658.0,星期三,-0.0057,0.0086
2005-11-22,3.63,3.52,3.63,3.51,5416.0,星期二,-0.0027,-0.0303
2005-11-21,3.61,3.64,3.66,3.6,3725.0,星期一,-0.0082,0.0083
2005-11-18,3.58,3.64,3.66,3.54,9663.0,星期五,0.0,0.0168
2005-11-17,3.53,3.58,3.66,3.5,11450.0,星期四,0.0028,0.0142
2005-11-16,3.51,3.52,3.53,3.43,3222.0,星期三,0.0,0.0028
2005-11-15,3.51,3.51,3.58,3.49,2253.0,星期二,-0.0028,0.0
2005-11-14,3.51,3.52,3.53,3.47,2674.0,星期一,0.0,0.0028
2005-11-11,3.49,3.51,3.56,3.47,2820.0,星期五,0.0,0.0057
2005-11-10,3.61,3.49,3.61,3.48,4893.0,星期四,0.0,-0.0332
2005-11-09,3.69,3.61,3.7,3.6,5299.0,星期三,0.0027,-0.0217
2005-11-08,3.58,3.68,3.68,3.58,8740.0,星期二,-0.0056,0.0279
2005-11-07,3.5,3.6,3.62,3.47,7028.0,星期一,-0.0057,0.0286
2005-11-04,3.55,3.52,3.55,3.4,7136.0,星期五,0.0143,-0.0085
2005-11-03,3.65,3.5,3.66,3.46,8178.0,星期四,0.0027,-0.0411
2005-11-02,3.57,3.64,3.66,3.55,8095.0,星期三,0.0028,0.0196
2005-11-01,3.51,3.56,3.61,3.35,11081.0,星期二,-0.0384,0.0142
2005-10-31,3.69,3.65,3.73,3.64,5590.0,星期一,0.011,-0.0108
2005-10-28,3.8,3.65,3.85,3.55,10658.0,星期五,0.0026,-0.0395
2005-10-27,3.8,3.79,3.86,3.71,10708.0,星期四,-0.0052,-0.0026
2005-10-26,4.0,3.82,4.06,3.81,14590.0,星期三,-0.0099,-0.045
2005-10-25,4.18,4.04,4.2,4.02,16525.0,星期二,0.0,-0.0335
2005-10-24,4.16,4.18,4.23,4.12,22753.0,星期一,0.0097,0.0048
2005-10-21,4.04,4.12,4.2,4.02,30828.0,星期五,0.0,0.0198
2005-10-20,4.0,4.04,4.05,3.87,12650.0,星期四,-0.005,0.01
2005-10-19,4.0,4.02,4.16,3.99,27013.0,星期三,-0.0025,0.005
2005-10-18,3.93,4.01,4.02,3.88,11780.0,星期二,-0.0025,0.0204
2005-10-17,3.86,3.94,3.95,3.8,4437.0,星期一,-0.0052,0.0207
2005-10-14,4.01,3.88,4.01,3.86,7729.0,星期五,0.0075,-0.0324
2005-10-13,4.04,3.98,4.04,3.94,8517.0,星期四,-0.0025,-0.0149
2005-10-12,3.94,4.05,4.05,3.85,11664.0,星期三,0.0,0.0279
2005-10-11,3.8,3.94,3.95,3.8,6737.0,星期二,-0.0026,0.0368
2005-10-10,3.97,3.81,4.0,3.8,7928.0,星期一,-0.005,-0.0403
2005-09-30,3.93,3.99,4.01,3.9,13103.0,星期五,-0.0076,0.0153
2005-09-29,3.87,3.96,4.02,3.86,24640.0,星期四,0.0104,0.0233
2005-09-28,3.73,3.83,3.85,3.71,7796.0,星期三,-0.0027,0.0268
2005-09-27,3.85,3.74,3.9,3.7,7218.0,星期二,-0.0026,-0.0286
2005-09-26,3.95,3.86,3.95,3.82,4612.0,星期一,0.0077,-0.0228
2005-09-23,3.87,3.92,4.02,3.87,12909.0,星期五,-0.0026,0.0129
2005-09-22,4.0,3.88,4.07,3.77,14273.0,星期四,0.0025,-0.03
2005-09-21,4.13,3.99,4.13,3.99,18147.0,星期三,0.0,-0.0339
2005-09-20,4.21,4.13,4.28,4.07,23017.0,星期二,-0.0094,-0.019
2005-09-19,4.12,4.25,4.33,4.1,37655.0,星期一,0.0024,0.0316
2005-09-16,4.15,4.11,4.15,4.05,11055.0,星期五,0.0,-0.0096
2005-09-15,4.18,4.15,4.19,4.1,21145.0,星期四,0.0024,-0.0072
2005-09-14,4.1,4.17,4.18,4.05,23237.0,星期三,0.0024,0.0171
2005-09-13,4.0,4.09,4.09,3.99,12826.0,星期二,0.0,0.0225
2005-09-12,3.96,4.0,4.08,3.92,11994.0,星期一,-0.0075,0.0101
2005-09-09,4.01,3.99,4.1,3.95,18255.0,星期五,-0.0147,-0.005
2005-09-08,4.03,4.07,4.28,4.02,45788.0,星期四,0.0177,0.0099
2005-09-07,3.78,3.96,3.96,3.76,13134.0,星期三,0.0,0.0476
2005-09-06,3.95,3.78,3.95,3.75,18422.0,星期二,0.0,-0.043
2005-09-05,3.92,3.95,3.96,3.85,15231.0,星期一,0.0,0.0077
2005-09-02,3.92,3.92,3.94,3.83,15872.0,星期五,0.0051,0.0
2005-09-01,3.8,3.9,3.9,3.79,19202.0,星期四,-0.0052,0.0263
2005-08-31,3.7,3.82,3.83,3.66,9946.0,星期三,-0.0054,0.0324
2005-08-30,3.78,3.72,3.8,3.7,6983.0,星期二,0.0,-0.0159
2005-08-29,3.85,3.78,3.94,3.76,20916.0,星期一,0.0079,-0.0182
2005-08-26,3.78,3.82,3.82,3.65,21084.0,星期五,0.0,0.0106
2005-08-25,3.65,3.78,3.79,3.62,20563.0,星期四,0.0,0.0356
2005-08-24,3.54,3.65,3.68,3.52,11515.0,星期三,0.0,0.0311
2005-08-23,3.65,3.54,3.65,3.49,10129.0,星期二,0.0027,-0.0301
2005-08-22,3.56,3.64,3.66,3.52,10065.0,星期一,-0.022,0.0225
2005-08-19,3.81,3.64,3.82,3.55,25064.0,星期五,0.0,-0.0446
2005-08-18,4.15,3.81,4.28,3.75,51201.0,星期四,0.0,-0.0819
2005-08-17,3.92,4.15,4.18,3.8,80902.0,星期三,0.0026,0.0587
2005-08-16,3.69,3.91,3.96,3.6,47988.0,星期二,0.0027,0.0596
2005-08-15,3.53,3.68,3.69,3.42,17923.0,星期一,0.0086,0.0425
2005-08-12,3.57,3.5,3.72,3.49,30183.0,星期五,0.0056,-0.0196
2005-08-11,3.5,3.55,3.57,3.45,22365.0,星期四,-0.0028,0.0143
2005-08-10,3.5,3.51,3.52,3.4,18018.0,星期三,0.0,0.0029
2005-08-09,3.5,3.5,3.58,3.44,27921.0,星期二,0.0234,0.0
2005-08-08,3.33,3.42,3.46,3.28,23514.0,星期一,0.006,0.027
2005-08-05,3.18,3.31,3.32,3.18,14892.0,星期五,-0.0031,0.0409
2005-08-04,3.28,3.19,3.28,3.18,9146.0,星期四,-0.003,-0.0274
2005-08-03,3.27,3.29,3.38,3.26,14235.0,星期三,-0.0061,0.0061
2005-08-02,3.23,3.29,3.3,3.2,10768.0,星期二,0.0,0.0186
2005-08-01,3.25,3.23,3.29,3.18,9445.0,星期一,-0.0152,-0.0062
2005-07-29,3.19,3.3,3.38,3.16,24448.0,星期五,-0.0062,0.0345
2005-07-28,3.17,3.21,3.22,3.13,11944.0,星期四,0.0,0.0126
2005-07-27,3.15,3.17,3.18,3.1,8602.0,星期三,0.0,0.0063
2005-07-26,3.08,3.15,3.16,3.08,8178.0,星期二,0.0,0.0227
2005-07-25,3.1,3.08,3.11,3.06,5402.0,星期一,-0.0159,-0.0065
2005-07-22,3.15,3.15,3.22,3.09,18082.0,星期五,0.0227,0.0
2005-07-21,3.05,3.08,3.08,2.97,5209.0,星期四,0.0099,0.0098
2005-07-20,3.02,3.02,3.05,2.98,5635.0,星期三,0.01,0.0
2005-07-19,2.92,2.99,2.99,2.86,4099.0,星期二,0.0,0.024
2005-07-18,2.96,2.92,2.97,2.88,2725.0,星期一,-0.0034,-0.0135
2005-07-15,3.12,2.97,3.13,2.95,6403.0,星期五,0.0,-0.0481
2005-07-14,3.0,3.12,3.14,3.0,12605.0,星期四,0.0067,0.04
2005-07-13,3.0,2.98,3.1,2.95,9170.0,星期三,0.0,-0.0067
2005-07-12,2.83,3.0,3.0,2.81,7269.0,星期二,-0.0035,0.0601
2005-07-11,2.85,2.84,2.99,2.83,3878.0,星期一,-0.0104,-0.0035
2005-07-08,3.12,2.88,3.12,2.81,6657.0,星期五,0.0,-0.0769
2005-07-07,3.09,3.12,3.15,3.09,1895.0,星期四,-0.0064,0.0097
2005-07-06,3.19,3.11,3.19,3.09,2521.0,星期三,0.029,-0.0251
2005-07-05,3.13,3.1,3.16,3.1,3274.0,星期二,0.0,-0.0096
2005-07-04,3.12,3.13,3.17,3.02,5944.0,星期一,-0.0219,0.0032
2005-07-01,3.43,3.19,3.46,3.17,8471.0,星期五,0.0,-0.07
2005-06-30,3.58,3.43,3.58,3.41,4097.0,星期四,0.0,-0.0419
2005-06-29,3.59,3.58,3.61,3.55,3517.0,星期三,-0.0137,-0.0028
2005-06-27,3.56,3.64,3.67,3.56,7754.0,星期一,0.0,0.0225
2005-06-24,3.53,3.56,3.57,3.5,3214.0,星期五,-0.0056,0.0085
2005-06-23,3.58,3.55,3.58,3.52,3485.0,星期四,-0.0056,-0.0084
2005-06-22,3.55,3.6,3.64,3.5,4616.0,星期三,-0.0139,0.0141
2005-06-21,3.66,3.6,3.68,3.57,3939.0,星期二,0.0027,-0.0164
2005-06-20,3.61,3.65,3.67,3.5,7355.0,星期一,0.0028,0.0111
2005-06-17,3.72,3.6,3.74,3.56,6953.0,星期五,-0.0027,-0.0323
2005-06-16,3.65,3.73,3.78,3.65,18603.0,星期四,0.0196,0.0219
2005-06-15,3.66,3.58,3.66,3.52,5118.0,星期三,-0.0027,-0.0219
2005-06-14,3.71,3.67,3.75,3.66,6117.0,星期二,-0.0027,-0.0108
2005-06-13,3.78,3.72,3.78,3.63,7826.0,星期一,0.008,-0.0159
2005-06-10,3.81,3.75,3.85,3.71,10358.0,星期五,0.0053,-0.0157
2005-06-09,3.8,3.79,3.85,3.71,17938.0,星期四,-0.0026,-0.0026
2005-06-08,3.5,3.81,3.83,3.5,20823.0,星期三,-0.0085,0.0886
2005-06-07,3.53,3.53,3.66,3.53,8391.0,星期二,-0.0112,0.0
2005-06-06,3.54,3.57,3.58,3.39,7971.0,星期一,-0.0139,0.0085
2005-06-03,3.61,3.59,3.62,3.53,8521.0,星期五,-0.0055,-0.0055
2005-06-02,3.53,3.63,3.64,3.47,10408.0,星期四,0.0,0.0283
2005-06-01,3.57,3.53,3.57,3.48,4081.0,星期三,-0.0056,-0.0112
2005-05-31,3.56,3.59,3.6,3.5,4417.0,星期二,0.0028,0.0084
2005-05-30,3.46,3.55,3.59,3.4,3228.0,星期一,-0.0057,0.026
2005-05-27,3.45,3.48,3.58,3.45,4554.0,星期五,-0.0227,0.0087
2005-05-26,3.53,3.53,3.59,3.5,2528.0,星期四,-0.0056,0.0
2005-05-25,3.54,3.55,3.64,3.5,4879.0,星期三,0.0,0.0028
2005-05-24,3.41,3.54,3.6,3.38,4877.0,星期二,-0.0087,0.0381
2005-05-23,3.59,3.44,3.59,3.38,6649.0,星期一,-0.0083,-0.0418
2005-05-20,3.75,3.62,3.75,3.62,12908.0,星期五,0.0163,-0.0347
2005-05-19,3.69,3.69,3.74,3.59,11683.0,星期四,-0.0081,0.0
2005-05-18,3.58,3.72,3.73,3.53,12118.0,星期三,-0.0056,0.0391
2005-05-17,3.49,3.6,3.61,3.46,9997.0,星期二,-0.0085,0.0315
2005-05-16,3.56,3.52,3.57,3.47,5583.0,星期一,0.0056,-0.0112
2005-05-13,3.44,3.54,3.61,3.44,8380.0,星期五,-0.0199,0.0291
2005-05-12,3.6,3.51,3.64,3.38,13754.0,星期四,0.0112,-0.025
2005-05-11,3.38,3.56,3.62,3.33,16323.0,星期三,-0.0174,0.0533
2005-05-10,3.53,3.44,3.59,3.25,19418.0,星期二,-0.0222,-0.0255
2005-05-09,3.95,3.61,4.08,3.61,16430.0,星期一,-0.015,-0.0861
2005-04-29,4.21,4.01,4.21,3.99,19536.0,星期五,0.0,-0.0475
2005-04-28,4.08,4.21,4.35,3.98,36279.0,星期四,-0.0049,0.0319
2005-04-27,4.06,4.1,4.11,3.9,26580.0,星期三,0.0,0.0099
2005-04-26,4.05,4.06,4.21,4.0,62212.0,星期二,0.0176,0.0025
2005-04-25,3.59,3.98,3.98,3.59,20830.0,星期一,-0.0083,0.1086
2005-04-22,3.56,3.62,3.64,3.5,4231.0,星期五,0.0114,0.0169
2005-04-21,3.69,3.52,3.71,3.5,3684.0,星期四,0.0,-0.0461
2005-04-20,3.71,3.69,3.73,3.62,4005.0,星期三,-0.0107,-0.0054
2005-04-19,3.72,3.75,3.77,3.71,2153.0,星期二,-0.0027,0.0081
2005-04-18,3.83,3.73,3.87,3.69,2794.0,星期一,0.0026,-0.0261
2005-04-15,3.9,3.82,3.9,3.79,3509.0,星期五,-0.0076,-0.0205
2005-04-14,4.05,3.93,4.07,3.91,4603.0,星期四,0.015,-0.0296
2005-04-13,3.99,3.99,4.04,3.95,4117.0,星期三,0.0205,0.0
2005-04-12,4.03,3.91,4.03,3.9,2872.0,星期二,0.0,-0.0298
2005-04-11,4.05,4.03,4.13,3.98,6355.0,星期一,0.0075,-0.0049
2005-04-08,3.9,4.02,4.05,3.88,5246.0,星期五,-0.0026,0.0308
2005-04-07,3.8,3.91,3.97,3.8,4943.0,星期四,-0.0052,0.0289
2005-04-06,3.85,3.82,3.88,3.7,4513.0,星期三,0.0,-0.0078
2005-04-05,3.95,3.85,3.98,3.78,3134.0,星期二,0.0,-0.0253
2005-04-04,3.88,3.95,3.97,3.85,4686.0,星期一,-0.0127,0.018
2005-04-01,3.85,3.93,3.98,3.78,7205.0,星期五,0.0,0.0208
2005-03-31,3.8,3.85,3.85,3.74,4271.0,星期四,0.0298,0.0132
2005-03-30,3.93,3.69,3.93,3.68,4613.0,星期三,-0.0051,-0.0611
2005-03-29,3.99,3.95,3.99,3.92,2551.0,星期二,0.0179,-0.01
2005-03-28,4.0,3.92,4.0,3.85,3021.0,星期一,-0.0025,-0.02
2005-03-25,4.02,4.01,4.05,3.98,2381.0,星期五,0.0,-0.0025
2005-03-24,3.95,4.02,4.03,3.91,3832.0,星期四,-0.01,0.0177
2005-03-23,4.15,3.99,4.15,3.9,9260.0,星期三,-0.0235,-0.0386
2005-03-21,4.32,4.25,4.32,4.24,2500.0,星期一,0.0,-0.0162
2005-03-18,4.3,4.32,4.35,4.23,3555.0,星期五,0.0,0.0047
2005-03-17,4.41,4.3,4.45,4.26,5119.0,星期四,-0.0023,-0.0249
2005-03-16,4.38,4.42,4.49,4.37,4091.0,星期三,0.0,0.0091
2005-03-15,4.42,4.38,4.46,4.38,4586.0,星期二,0.0,-0.009
2005-03-14,4.52,4.42,4.57,4.41,5361.0,星期一,-0.0131,-0.0221
2005-03-11,4.55,4.58,4.59,4.52,4301.0,星期五,0.0022,0.0066
2005-03-10,4.7,4.54,4.7,4.5,5337.0,星期四,-0.0042,-0.034
2005-03-09,4.75,4.72,4.77,4.66,5271.0,星期三,0.0,-0.0063
2005-03-08,4.68,4.75,4.76,4.63,6106.0,星期二,0.0,0.015
2005-03-07,4.6,4.68,4.69,4.58,3335.0,星期一,0.0,0.0174
2005-03-04,4.67,4.6,4.67,4.56,4721.0,星期五,0.0,-0.015
2005-03-03,4.57,4.67,4.68,4.54,5450.0,星期四,-0.0022,0.0219
2005-03-02,4.71,4.58,4.75,4.57,8548.0,星期三,0.0,-0.0276
2005-03-01,4.75,4.71,4.84,4.68,9834.0,星期二,-0.0042,-0.0084
2005-02-28,4.84,4.77,4.92,4.75,14819.0,星期一,-0.0021,-0.0145
2005-02-25,4.8,4.85,4.94,4.74,38763.0,星期五,0.0084,0.0104
2005-02-24,4.64,4.76,4.78,4.59,16773.0,星期四,-0.0022,0.0259
2005-02-23,4.68,4.65,4.72,4.6,9975.0,星期三,-0.0021,-0.0064
2005-02-22,4.63,4.69,4.72,4.55,12707.0,星期二,0.0065,0.013
2005-02-21,4.51,4.6,4.6,4.46,5309.0,星期一,0.0,0.02
2005-02-18,4.7,4.51,4.71,4.5,8161.0,星期五,0.0129,-0.0404
2005-02-17,4.59,4.64,4.67,4.47,12696.0,星期四,0.011,0.0109
2005-02-16,4.48,4.54,4.57,4.35,8102.0,星期三,0.0228,0.0134
2005-02-04,4.35,4.38,4.43,4.32,5574.0,星期五,0.014,0.0069
2005-02-03,4.41,4.29,4.46,4.28,6943.0,星期四,-0.0045,-0.0272
2005-02-02,4.18,4.43,4.46,4.18,7572.0,星期三,0.0,0.0598
2005-02-01,4.18,4.18,4.31,4.15,4481.0,星期二,-0.0165,0.0
2005-01-31,4.25,4.25,4.33,4.2,4425.0,星期一,0.0,0.0
2005-01-28,4.39,4.25,4.45,4.23,7006.0,星期五,0.0,-0.0319
2005-01-27,4.52,4.39,4.53,4.35,6143.0,星期四,-0.0044,-0.0288
2005-01-26,4.62,4.54,4.66,4.51,6198.0,星期三,-0.0128,-0.0173
2005-01-25,4.73,4.68,4.74,4.56,9579.0,星期二,-0.0063,-0.0106
2005-01-24,4.7,4.76,4.98,4.63,22030.0,星期一,0.024,0.0128
2005-01-21,4.67,4.59,4.7,4.32,13336.0,星期五,0.0,-0.0171
2005-01-20,4.6,4.67,4.77,4.52,19865.0,星期四,-0.0043,0.0152
2005-01-19,4.68,4.62,4.7,4.57,10649.0,星期三,-0.0043,-0.0128
2005-01-18,4.55,4.7,4.72,4.54,24005.0,星期二,-0.013,0.033
2005-01-17,4.38,4.61,4.83,4.28,41496.0,星期一,-0.0201,0.0525
2005-01-14,4.27,4.47,4.48,4.27,13545.0,星期五,-0.007,0.0468
2005-01-13,4.25,4.3,4.33,4.24,1889.0,星期四,-0.007,0.0118
2005-01-12,4.32,4.28,4.32,4.24,1835.0,星期三,-0.0069,-0.0093
2005-01-11,4.4,4.35,4.4,4.31,1689.0,星期二,0.0115,-0.0114
2005-01-10,4.3,4.35,4.36,4.27,1801.0,星期一,0.007,0.0116
2005-01-07,4.22,4.27,4.36,4.22,2642.0,星期五,-0.0094,0.0118
2005-01-06,4.21,4.26,4.27,4.2,1364.0,星期四,-0.0047,0.0119
2005-01-05,4.2,4.23,4.3,4.16,1770.0,星期三,0.012,0.0071
2005-01-04,4.15,4.15,4.27,4.15,1619.0,星期二,-0.0119,0.0
2004-12-31,4.24,4.2,4.31,4.19,1983.0,星期五,-0.0024,-0.0094
2004-12-30,4.34,4.25,4.34,4.22,2234.0,星期四,0.0023,-0.0207
2004-12-29,4.37,4.33,4.47,4.31,2246.0,星期三,-0.0113,-0.0092
2004-12-28,4.29,4.42,4.5,4.23,5577.0,星期二,-0.0023,0.0303
2004-12-27,4.33,4.3,4.36,4.29,965.0,星期一,0.0,-0.0069
2004-12-24,4.3,4.33,4.36,4.28,1364.0,星期五,-0.0023,0.007
2004-12-23,4.45,4.31,4.5,4.3,2677.0,星期四,0.0091,-0.0315
2004-12-22,4.32,4.41,4.41,4.3,3548.0,星期三,-0.0023,0.0208
2004-12-21,4.3,4.33,4.34,4.25,1697.0,星期二,0.007,0.007
2004-12-20,4.25,4.27,4.27,4.2,1569.0,星期一,0.0,0.0047
2004-12-17,4.4,4.25,4.4,4.25,1390.0,星期五,0.0209,-0.0341
2004-12-16,4.28,4.31,4.39,4.28,1029.0,星期四,-0.0047,0.007
2004-12-15,4.34,4.3,4.38,4.25,1989.0,星期三,0.0,-0.0092
2004-12-14,4.43,4.34,4.43,4.32,1574.0,星期二,0.0137,-0.0203
2004-12-13,4.39,4.37,4.4,4.33,1462.0,星期一,0.0023,-0.0046
2004-12-10,4.5,4.38,4.53,4.36,4105.0,星期五,-0.0066,-0.0267
2004-12-09,4.55,4.53,4.59,4.47,2476.0,星期四,0.0089,-0.0044
2004-12-08,4.5,4.51,4.58,4.48,2725.0,星期三,0.0022,0.0022
2004-12-07,4.64,4.49,4.64,4.48,4063.0,星期二,-0.0022,-0.0323
2004-12-06,4.6,4.65,4.75,4.6,3680.0,星期一,0.0,0.0109
2004-12-03,4.55,4.6,4.68,4.55,5790.0,星期五,-0.0087,0.011
2004-12-02,4.47,4.59,4.59,4.45,2879.0,星期四,-0.0132,0.0268
2004-12-01,4.57,4.53,4.57,4.45,2520.0,星期三,0.0178,-0.0088
2004-11-30,4.47,4.49,4.5,4.43,3173.0,星期二,0.0022,0.0045
2004-11-29,4.56,4.46,4.6,4.45,3522.0,星期一,-0.0065,-0.0219
2004-11-26,4.58,4.59,4.66,4.56,2574.0,星期五,0.0,0.0022
2004-11-25,4.63,4.58,4.65,4.57,6096.0,星期四,-0.0043,-0.0108
2004-11-24,4.87,4.65,4.88,4.65,9932.0,星期三,0.0,-0.0452
2004-11-23,4.87,4.87,4.92,4.78,18571.0,星期二,0.0021,0.0
2004-11-22,4.74,4.86,4.9,4.71,19660.0,星期一,0.0107,0.0253
2004-11-19,4.65,4.69,4.75,4.58,9816.0,星期五,0.0022,0.0086
2004-11-18,4.46,4.64,4.7,4.45,11695.0,星期四,-0.0067,0.0404
2004-11-17,4.5,4.49,4.57,4.44,4212.0,星期三,-0.0196,-0.0022
2004-11-16,4.51,4.59,4.65,4.43,9015.0,星期二,0.0022,0.0177
2004-11-15,4.5,4.5,4.53,4.42,3673.0,星期一,0.0067,0.0
2004-11-12,4.45,4.47,4.52,4.4,4339.0,星期五,-0.0022,0.0045
2004-11-11,4.48,4.46,4.66,4.43,13386.0,星期四,0.0,-0.0045
2004-11-10,4.25,4.48,4.54,4.25,13106.0,星期三,0.0,0.0541
2004-11-09,4.2,4.25,4.27,4.18,1927.0,星期二,0.0048,0.0119
2004-11-08,4.23,4.18,4.23,4.14,1337.0,星期一,0.0,-0.0118
2004-11-05,4.18,4.23,4.26,4.18,2463.0,星期五,0.0,0.012
2004-11-04,4.33,4.18,4.33,4.16,3214.0,星期四,0.0023,-0.0346
2004-11-03,4.25,4.32,4.33,4.2,3206.0,星期三,0.0095,0.0165
2004-11-02,4.2,4.21,4.24,4.19,2994.0,星期二,-0.0024,0.0024
2004-11-01,4.24,4.21,4.33,4.2,2934.0,星期一,0.0,-0.0071
2004-10-29,4.29,4.24,4.35,4.16,5135.0,星期五,-0.025,-0.0117
2004-10-28,4.47,4.4,4.52,4.4,5758.0,星期四,0.0,-0.0157
2004-10-27,4.34,4.47,4.48,4.26,5152.0,星期三,0.0093,0.03
2004-10-26,4.28,4.3,4.32,4.12,4210.0,星期二,0.0,0.0047
2004-10-25,4.45,4.28,4.5,4.25,5516.0,星期一,0.0114,-0.0382
2004-10-22,4.36,4.4,4.41,4.19,9594.0,星期五,0.0,0.0092
2004-10-21,4.69,4.36,4.72,4.28,10553.0,星期四,0.0021,-0.0704
2004-10-20,4.8,4.68,4.8,4.51,11391.0,星期三,-0.0083,-0.025
2004-10-19,4.97,4.84,5.05,4.81,15678.0,星期二,-0.01,-0.0262
2004-10-18,4.96,5.02,5.1,4.89,47530.0,星期一,0.0227,0.0121
2004-10-15,4.54,4.85,4.85,4.54,19019.0,星期五,0.0,0.0683
2004-10-14,4.85,4.54,4.88,4.52,6280.0,星期四,0.0,-0.0639
2004-10-13,4.7,4.85,4.85,4.62,6081.0,星期三,0.0,0.0319
2004-10-12,4.85,4.7,4.92,4.69,4561.0,星期二,0.0146,-0.0309
2004-10-11,4.75,4.78,4.95,4.72,10051.0,星期一,0.0,0.0063
2004-10-08,4.61,4.75,4.77,4.57,2253.0,星期五,0.0,0.0304
2004-09-30,4.68,4.61,4.8,4.59,3203.0,星期四,-0.0043,-0.015
2004-09-29,4.78,4.7,4.81,4.69,3183.0,星期三,0.0,-0.0167
2004-09-28,4.7,4.78,4.8,4.69,5104.0,星期二,-0.0021,0.017
2004-09-27,4.85,4.71,4.95,4.68,7518.0,星期一,0.0,-0.0289
2004-09-24,5.11,4.85,5.19,4.84,17951.0,星期五,0.0,-0.0509
2004-09-23,4.8,5.11,5.15,4.8,24557.0,星期四,0.0,0.0646
2004-09-22,5.0,4.8,5.02,4.78,9316.0,星期三,0.004,-0.04
2004-09-21,5.08,4.98,5.16,4.9,17582.0,星期二,0.004,-0.0197
2004-09-20,4.86,5.06,5.07,4.78,19616.0,星期一,0.0041,0.0412
2004-09-17,4.7,4.84,4.91,4.66,15412.0,星期五,0.0,0.0298
2004-09-16,4.68,4.7,4.73,4.54,11530.0,星期四,0.0,0.0043
2004-09-15,4.4,4.68,4.76,4.38,15663.0,星期三,0.0023,0.0636
2004-09-14,4.28,4.39,4.5,4.24,4198.0,星期二,0.0288,0.0257
2004-09-13,4.27,4.16,4.27,4.15,1982.0,星期一,0.0,-0.0258
2004-09-10,4.3,4.27,4.3,4.2,1441.0,星期五,0.0,-0.007
2004-09-09,4.4,4.3,4.4,4.29,1966.0,星期四,0.0,-0.0227
2004-09-08,4.45,4.4,4.46,4.38,2124.0,星期三,0.0,-0.0112
2004-09-07,4.39,4.45,4.46,4.34,1992.0,星期二,-0.0113,0.0137
2004-09-06,4.43,4.44,4.47,4.4,1490.0,星期一,0.0023,0.0023
2004-09-03,4.47,4.42,4.49,4.38,3377.0,星期五,-0.0022,-0.0112
2004-09-02,4.29,4.48,4.49,4.28,3614.0,星期四,-0.0115,0.0443
2004-09-01,4.38,4.34,4.41,4.3,1660.0,星期三,-0.0045,-0.0091
2004-08-31,4.38,4.4,4.48,4.31,3935.0,星期二,0.0282,0.0046
2004-08-30,4.2,4.26,4.29,4.18,985.0,星期一,-0.0118,0.0143
2004-08-27,4.32,4.25,4.32,4.2,1210.0,星期五,0.0141,-0.0162
2004-08-26,4.3,4.26,4.33,4.23,1421.0,星期四,-0.0069,-0.0093
2004-08-25,4.38,4.33,4.4,4.28,2319.0,星期三,-0.0045,-0.0114
2004-08-24,4.18,4.4,4.5,4.17,5016.0,星期二,-0.0188,0.0526
2004-08-23,4.19,4.26,4.3,4.07,3340.0,星期一,-0.0024,0.0167
2004-08-20,4.23,4.2,4.25,4.1,3666.0,星期五,0.0,-0.0071
2004-08-19,4.4,4.23,4.4,4.23,3547.0,星期四,0.0023,-0.0386
2004-08-18,4.38,4.39,4.45,4.38,1910.0,星期三,0.0,0.0023
2004-08-17,4.45,4.38,4.47,4.37,2367.0,星期二,0.0045,-0.0157
2004-08-16,4.66,4.43,4.66,4.32,3346.0,星期一,0.0,-0.0494
2004-08-13,4.7,4.66,4.75,4.65,1877.0,星期五,0.0086,-0.0085
2004-08-12,4.71,4.66,4.75,4.65,1726.0,星期四,0.0,-0.0106
2004-08-11,4.81,4.71,4.81,4.69,1647.0,星期三,0.0,-0.0208
2004-08-10,4.79,4.81,4.93,4.73,1316.0,星期二,0.0084,0.0042
2004-08-09,4.8,4.75,4.8,4.71,1453.0,星期一,0.0084,-0.0104
2004-08-06,4.8,4.76,4.85,4.75,1674.0,星期五,0.0,-0.0083
2004-08-05,4.9,4.8,4.91,4.79,2371.0,星期四,0.0,-0.0204
2004-08-04,4.76,4.9,4.95,4.76,5934.0,星期三,-0.0042,0.0294
2004-08-03,4.73,4.78,4.78,4.69,2666.0,星期二,0.0,0.0106
2004-08-02,4.8,4.73,4.8,4.63,3008.0,星期一,-0.0021,-0.0146
2004-07-30,4.82,4.81,5.11,4.8,9285.0,星期五,-0.0082,-0.0021
2004-07-29,4.78,4.86,4.89,4.73,4300.0,星期四,0.0106,0.0167
2004-07-28,4.68,4.73,4.78,4.67,1599.0,星期三,0.0021,0.0107
2004-07-27,4.69,4.67,4.74,4.67,1859.0,星期二,0.0,-0.0043
2004-07-26,4.75,4.69,4.77,4.67,2336.0,星期一,-0.0063,-0.0126
2004-07-23,4.69,4.78,4.79,4.66,2644.0,星期五,0.0,0.0192
2004-07-22,4.75,4.69,4.82,4.68,4370.0,星期四,0.0,-0.0126
2004-07-21,4.78,4.75,4.82,4.71,2840.0,星期三,-0.0042,-0.0063
2004-07-20,4.89,4.8,4.89,4.7,3773.0,星期二,0.0041,-0.0184
2004-07-19,4.92,4.87,4.96,4.86,5109.0,星期一,-0.002,-0.0102
2004-07-16,4.8,4.93,4.99,4.8,6968.0,星期五,0.0,0.0271
2004-07-15,4.7,4.8,4.83,4.7,4444.0,星期四,0.0,0.0213
2004-07-14,4.9,4.7,4.95,4.63,14561.0,星期三,-0.0258,-0.0408
2004-07-13,5.06,5.03,5.07,5.0,2639.0,星期二,0.008,-0.0059
2004-07-12,5.16,5.02,5.16,5.0,5443.0,星期一,0.0019,-0.0271
2004-07-09,5.28,5.15,5.3,5.15,7442.0,星期五,-0.0038,-0.0246
2004-07-08,5.24,5.3,5.34,5.24,2214.0,星期四,-0.0057,0.0115
2004-07-07,5.35,5.27,5.35,5.21,3370.0,星期三,-0.0074,-0.015
2004-07-06,5.45,5.39,5.5,5.35,6607.0,星期二,0.0,-0.011
2004-07-05,5.25,5.45,5.45,5.24,5490.0,星期一,-0.0094,0.0381
2004-07-02,5.25,5.3,5.38,5.16,6207.0,星期五,-0.0057,0.0095
2004-07-01,5.12,5.28,5.31,5.12,7334.0,星期四,0.0,0.0313
2004-06-30,5.2,5.12,5.28,5.12,6828.0,星期三,-0.0114,-0.0154
2004-06-29,5.18,5.26,5.33,5.1,6244.0,星期二,0.0,0.0154
2004-06-28,5.5,5.18,5.5,5.14,12933.0,星期一,-0.0368,-0.0582
2004-06-24,5.66,5.71,5.83,5.66,14244.0,星期四,-0.0139,0.0088
2004-06-23,5.88,5.74,5.88,5.64,21386.0,星期三,-0.0084,-0.0238
2004-06-22,5.97,5.93,6.17,5.91,65834.0,星期二,0.0311,-0.0067
2004-06-21,5.66,5.79,5.79,5.5,25879.0,星期一,0.076,0.023
2004-06-18,5.18,5.26,5.28,5.13,1268.0,星期五,-0.0038,0.0154
2004-06-17,5.23,5.2,5.33,5.14,1316.0,星期四,0.0,-0.0057
2004-06-16,5.22,5.23,5.3,5.1,1310.0,星期三,0.0,0.0019
2004-06-15,5.08,5.22,5.27,5.07,1553.0,星期二,-0.0117,0.0276
2004-06-14,5.26,5.14,5.3,5.06,1638.0,星期一,0.0,-0.0228
2004-06-11,5.29,5.26,5.4,5.25,1342.0,星期五,0.0115,-0.0057
2004-06-10,5.28,5.23,5.28,5.18,2085.0,星期四,0.0,-0.0095
2004-06-09,5.53,5.28,5.54,5.28,2820.0,星期三,0.0036,-0.0452
2004-06-08,5.63,5.51,5.63,5.5,1518.0,星期二,0.0018,-0.0213
2004-06-07,5.62,5.62,5.65,5.56,1453.0,星期一,-0.014,0.0
2004-06-04,5.65,5.7,5.75,5.6,1086.0,星期五,0.0,0.0088
2004-06-03,5.9,5.65,5.92,5.65,1664.0,星期四,0.0034,-0.0424
2004-06-02,5.84,5.88,5.9,5.81,2102.0,星期三,0.0,0.0068
2004-06-01,5.74,5.84,5.88,5.72,1501.0,星期二,0.0035,0.0174
2004-05-31,5.72,5.72,5.76,5.71,793.0,星期一,-0.0052,0.0
2004-05-28,5.79,5.75,5.8,5.72,1010.0,星期五,0.0,-0.0069
2004-05-27,5.62,5.79,5.8,5.62,1465.0,星期四,0.0,0.0302
2004-05-26,5.65,5.62,5.73,5.58,1130.0,星期三,0.0107,-0.0053
2004-05-25,5.78,5.59,5.78,5.58,1693.0,星期二,-0.0017,-0.0329
2004-05-24,5.9,5.79,5.91,5.79,748.0,星期一,0.0,-0.0186
2004-05-21,5.81,5.9,5.91,5.75,1117.0,星期五,0.0,0.0155
2004-05-20,5.88,5.81,5.9,5.78,1467.0,星期四,0.0017,-0.0119
2004-05-19,5.94,5.87,5.97,5.85,2072.0,星期三,0.0017,-0.0118
2004-05-18,5.85,5.93,5.93,5.83,2005.0,星期二,0.0069,0.0137
2004-05-17,5.7,5.81,5.83,5.7,1865.0,星期一,0.0,0.0193
2004-05-14,5.78,5.7,5.82,5.7,1318.0,星期五,0.0017,-0.0138
2004-05-13,5.87,5.77,5.88,5.77,1293.0,星期四,0.0,-0.017
2004-05-12,5.7,5.87,5.9,5.69,2306.0,星期三,0.0,0.0298
2004-05-11,5.65,5.7,5.7,5.59,1794.0,星期二,0.0125,0.0088
2004-05-10,5.7,5.58,5.8,5.57,1931.0,星期一,0.0,-0.0211
2004-04-30,5.85,5.7,5.85,5.66,3319.0,星期五,-0.0034,-0.0256
2004-04-29,5.9,5.87,5.99,5.86,2516.0,星期四,-0.0084,-0.0051
2004-04-28,5.9,5.95,5.99,5.75,3115.0,星期三,-0.0034,0.0085
2004-04-27,6.15,5.92,6.17,5.9,4918.0,星期二,0.0016,-0.0374
2004-04-26,6.15,6.14,6.25,6.1,2209.0,星期一,-0.0032,-0.0016
2004-04-23,6.29,6.17,6.29,6.15,2487.0,星期五,-0.0016,-0.0191
2004-04-22,6.21,6.3,6.34,6.21,1875.0,星期四,0.0,0.0145
2004-04-21,6.23,6.21,6.37,6.16,4254.0,星期三,0.0,-0.0032
2004-04-20,6.22,6.23,6.29,6.19,2900.0,星期二,-0.0048,0.0016
2004-04-19,6.49,6.25,6.5,6.25,2768.0,星期一,0.0125,-0.037
2004-04-16,6.4,6.41,6.5,6.23,4403.0,星期五,-0.0016,0.0016
2004-04-15,6.58,6.41,6.68,6.4,5272.0,星期四,0.0,-0.0258
2004-04-14,6.75,6.58,6.8,6.54,8219.0,星期三,-0.0059,-0.0252
2004-04-13,6.94,6.79,6.98,6.7,30445.0,星期二,0.0087,-0.0216
2004-04-12,6.63,6.88,6.89,6.54,13810.0,星期一,0.0,0.0377
2004-04-09,6.93,6.63,6.93,6.54,11562.0,星期五,0.0029,-0.0433
2004-04-08,6.88,6.91,6.98,6.85,15071.0,星期四,0.0029,0.0044
2004-04-07,6.78,6.86,6.89,6.76,10421.0,星期三,-0.0044,0.0118
2004-04-06,6.85,6.81,6.9,6.7,7474.0,星期二,-0.0029,-0.0058
2004-04-05,6.83,6.87,6.9,6.8,7998.0,星期一,0.0015,0.0059
2004-04-02,6.9,6.82,6.9,6.76,10290.0,星期五,0.0,-0.0116
2004-04-01,6.96,6.9,6.96,6.82,7894.0,星期四,0.0043,-0.0086
2004-03-31,6.85,6.93,7.05,6.78,20884.0,星期三,0.0074,0.0117
2004-03-30,6.65,6.8,6.89,6.6,10276.0,星期二,-0.0015,0.0226
2004-03-29,6.78,6.66,6.8,6.65,4632.0,星期一,-0.0015,-0.0177
2004-03-26,6.68,6.79,6.93,6.62,10221.0,星期五,0.0,0.0165
2004-03-25,6.75,6.68,6.77,6.63,9438.0,星期四,0.0,-0.0104
2004-03-24,6.73,6.75,6.94,6.71,37643.0,星期三,0.0105,0.003
2004-03-23,6.61,6.66,6.66,6.46,10408.0,星期二,0.0046,0.0076
2004-03-22,6.5,6.58,6.6,6.42,7914.0,星期一,0.0015,0.0123
2004-03-19,6.38,6.49,6.5,6.33,5779.0,星期五,-0.0016,0.0172
2004-03-18,6.48,6.39,6.55,6.39,5263.0,星期四,0.0047,-0.0139
2004-03-17,6.51,6.45,6.51,6.4,4499.0,星期三,0.0,-0.0092
2004-03-16,6.56,6.51,6.6,6.43,4605.0,星期二,0.0015,-0.0076
2004-03-15,6.39,6.55,6.63,6.35,8245.0,星期一,0.0031,0.025
2004-03-12,6.33,6.37,6.47,6.3,3546.0,星期五,-0.0047,0.0063
2004-03-11,6.3,6.36,6.38,6.27,4365.0,星期四,0.0016,0.0095
2004-03-10,6.13,6.29,6.3,6.13,3173.0,星期三,-0.0049,0.0261
2004-03-09,6.18,6.16,6.26,6.15,2916.0,星期二,-0.0016,-0.0032
2004-03-08,6.34,6.19,6.34,6.15,4620.0,星期一,-0.0031,-0.0237
2004-03-05,6.46,6.36,6.49,6.35,3426.0,星期五,0.0,-0.0155
2004-03-04,6.31,6.46,6.47,6.24,5947.0,星期四,-0.0047,0.0238
2004-03-03,6.65,6.34,6.65,6.3,6818.0,星期三,0.0091,-0.0466
2004-03-02,6.55,6.59,6.6,6.46,6319.0,星期二,0.0,0.0061
2004-03-01,6.49,6.55,6.57,6.38,6091.0,星期一,-0.0015,0.0092
2004-02-27,6.37,6.5,6.5,6.35,5917.0,星期五,0.0,0.0204
2004-02-26,6.4,6.37,6.46,6.28,7987.0,星期四,-0.0078,-0.0047
2004-02-25,6.63,6.45,6.8,6.44,7077.0,星期三,-0.006,-0.0271
2004-02-24,6.79,6.67,6.79,6.52,11294.0,星期二,-0.0044,-0.0177
2004-02-23,6.95,6.82,7.14,6.8,11090.0,星期一,-0.0043,-0.0187
2004-02-20,6.98,6.98,6.98,6.84,10384.0,星期五,-0.0014,0.0
2004-02-19,7.09,6.99,7.12,6.9,14505.0,星期四,0.0,-0.0141
2004-02-18,7.17,7.09,7.29,7.03,23585.0,星期三,-0.0014,-0.0112
2004-02-17,6.87,7.18,7.27,6.73,32105.0,星期二,0.0029,0.0451
2004-02-16,6.6,6.85,6.9,6.6,19493.0,星期一,0.0092,0.0379
2004-02-13,6.73,6.54,6.75,6.5,6926.0,星期五,0.0,-0.0282
2004-02-12,6.5,6.73,6.83,6.48,17602.0,星期四,0.0031,0.0354
2004-02-11,6.6,6.48,6.64,6.43,10218.0,星期三,-0.006,-0.0182
2004-02-10,6.6,6.64,6.7,6.54,11897.0,星期二,0.0076,0.0061
2004-02-09,6.45,6.55,6.56,6.43,10755.0,星期一,-0.0062,0.0155
2004-02-06,6.63,6.49,6.64,6.45,13924.0,星期五,-0.0015,-0.0211
2004-02-05,6.51,6.64,6.68,6.51,31762.0,星期四,0.0172,0.02
2004-02-04,6.32,6.4,6.42,6.21,16850.0,星期三,0.0064,0.0127
2004-02-03,6.09,6.28,6.34,6.04,17645.0,星期二,0.0,0.0312
2004-02-02,5.98,6.09,6.19,5.96,10828.0,星期一,0.0,0.0184
2004-01-30,6.12,5.98,6.14,5.95,10490.0,星期五,0.0033,-0.0229
2004-01-29,5.87,6.1,6.16,5.83,10862.0,星期四,0.0103,0.0392
2004-01-16,5.7,5.81,5.9,5.7,8733.0,星期五,-0.0018,0.0193
2004-01-15,5.74,5.71,5.83,5.68,6612.0,星期四,-0.0154,-0.0052
2004-01-14,6.05,5.83,6.1,5.71,20473.0,星期三,0.0083,-0.0364
2004-01-13,5.45,6.0,6.0,5.45,36393.0,星期二,0.0,0.1009
2004-01-12,5.5,5.45,5.5,5.4,4400.0,星期一,0.0,-0.0091
2004-01-09,5.51,5.5,5.7,5.5,8984.0,星期五,0.0,-0.0018
2004-01-08,5.37,5.51,5.55,5.35,7763.0,星期四,0.0037,0.0261
2004-01-07,5.26,5.35,5.39,5.22,5264.0,星期三,0.0,0.0171
2004-01-06,5.29,5.26,5.29,5.2,6935.0,星期二,0.0,-0.0057
2004-01-05,5.36,5.29,5.36,5.21,4615.0,星期一,0.0,-0.0131
2004-01-02,5.3,5.36,5.45,5.3,2049.0,星期五,0.0057,0.0113
2003-12-31,5.31,5.27,5.33,5.2,2542.0,星期三,-0.0038,-0.0075
2003-12-30,5.35,5.33,5.43,5.3,1765.0,星期二,0.0,-0.0037
2003-12-29,5.48,5.35,5.53,5.35,2335.0,星期一,0.0,-0.0237
2003-12-26,5.47,5.48,5.5,5.44,2154.0,星期五,0.0055,0.0018
2003-12-25,5.43,5.44,5.52,5.41,3338.0,星期四,-0.0073,0.0018
2003-12-24,5.54,5.47,5.54,5.43,2854.0,星期三,0.0,-0.0126
2003-12-23,5.58,5.54,5.61,5.42,5096.0,星期二,0.0,-0.0072
2003-12-22,5.2,5.58,5.7,5.1,7816.0,星期一,-0.0114,0.0731
2003-12-19,5.59,5.26,5.59,5.13,7000.0,星期五,-0.0018,-0.059
2003-12-18,5.81,5.6,5.81,5.48,5651.0,星期四,0.0,-0.0361
2003-12-17,5.88,5.81,5.95,5.8,2974.0,星期三,-0.0017,-0.0119
2003-12-16,5.9,5.89,5.92,5.75,3634.0,星期二,0.0,-0.0017
2003-12-15,5.92,5.9,5.97,5.89,4001.0,星期一,-0.005,-0.0034
2003-12-12,6.02,5.95,6.02,5.9,4245.0,星期五,-0.005,-0.0116
2003-12-11,6.1,6.05,6.18,5.98,5873.0,星期四,0.0,-0.0082
2003-12-10,6.03,6.1,6.11,5.96,4703.0,星期三,0.005,0.0116
2003-12-09,5.89,6.0,6.0,5.84,4154.0,星期二,-0.0034,0.0187
2003-12-08,6.06,5.91,6.11,5.9,4296.0,星期一,-0.0082,-0.0248
2003-12-05,6.1,6.11,6.13,6.01,4571.0,星期五,0.0,0.0016
2003-12-04,6.15,6.1,6.2,5.99,10672.0,星期四,-0.0032,-0.0081
2003-12-03,6.44,6.17,6.44,6.1,34141.0,星期三,0.0094,-0.0419
2003-12-02,6.38,6.38,6.38,6.2,37424.0,星期二,0.1,0.0
2003-12-01,5.66,5.8,5.85,5.66,4433.0,星期一,-0.0018,0.0247
2003-11-28,5.48,5.67,5.88,5.48,6820.0,星期五,-0.0036,0.0347
2003-11-27,5.63,5.5,5.65,5.47,4001.0,星期四,-0.0053,-0.0231
2003-11-26,5.72,5.66,5.74,5.58,4578.0,星期三,0.0,-0.0105
2003-11-25,5.73,5.72,5.98,5.67,11019.0,星期二,0.0017,-0.0017
2003-11-24,5.48,5.72,5.73,5.46,5095.0,星期一,-0.009,0.0438
2003-11-21,5.75,5.53,6.03,5.53,17703.0,星期五,0.0,-0.0383
2003-11-20,5.26,5.75,5.75,5.25,22997.0,星期四,0.0057,0.0932
2003-11-19,5.09,5.23,5.32,5.09,4317.0,星期三,0.002,0.0275
2003-11-18,5.13,5.08,5.14,5.06,878.0,星期二,0.0,-0.0097
2003-11-17,5.16,5.13,5.2,5.11,2491.0,星期一,0.0039,-0.0058
2003-11-14,5.07,5.14,5.14,5.02,2250.0,星期五,0.0,0.0138
2003-11-13,4.97,5.07,5.18,4.96,2847.0,星期四,-0.002,0.0201
2003-11-12,4.98,4.98,5.02,4.95,1610.0,星期三,-0.004,0.0
2003-11-11,5.0,5.0,5.03,4.95,1985.0,星期二,0.0081,0.0
2003-11-10,5.02,4.96,5.03,4.9,1919.0,星期一,-0.0118,-0.012
2003-11-07,4.85,5.08,5.15,4.83,5147.0,星期五,0.0,0.0474
2003-11-06,5.07,4.85,5.11,4.82,4649.0,星期四,-0.0078,-0.0434
2003-11-05,5.25,5.11,5.26,5.08,2553.0,星期三,-0.0094,-0.0267
2003-11-04,5.23,5.3,5.38,5.2,2809.0,星期二,0.0,0.0134
2003-11-03,5.22,5.23,5.26,5.14,1325.0,星期一,-0.0076,0.0019
2003-10-31,5.3,5.26,5.36,5.16,1995.0,星期五,0.0192,-0.0075
2003-10-30,5.25,5.2,5.3,5.09,1919.0,星期四,0.0019,-0.0095
2003-10-29,5.57,5.24,5.58,5.07,2849.0,星期三,-0.0018,-0.0592
2003-10-28,5.95,5.58,5.95,5.48,3879.0,星期二,-0.0067,-0.0622
2003-10-24,6.05,5.99,6.07,5.99,946.0,星期五,-0.0049,-0.0099
2003-10-23,6.13,6.08,6.23,6.08,984.0,星期四,0.0016,-0.0082
2003-10-22,6.06,6.12,6.15,6.0,1515.0,星期三,0.01,0.0099
2003-10-21,6.08,6.0,6.08,5.95,1358.0,星期二,0.0,-0.0132
2003-10-20,6.2,6.08,6.21,6.03,1271.0,星期一,-0.0016,-0.0194
2003-10-17,6.2,6.21,6.23,6.19,503.0,星期五,-0.0016,0.0016
2003-10-16,6.2,6.21,6.27,6.19,707.0,星期四,0.0,0.0016
2003-10-15,6.2,6.2,6.42,6.18,1134.0,星期三,-0.0048,0.0
2003-10-14,6.3,6.23,6.32,6.21,825.0,星期二,-0.0016,-0.0111
2003-10-13,6.4,6.31,6.41,6.3,1278.0,星期一,0.0031,-0.0141
2003-10-10,6.2,6.38,6.39,6.2,2138.0,星期五,0.0016,0.029
2003-10-09,6.18,6.19,6.25,6.18,707.0,星期四,-0.0016,0.0016
2003-10-08,6.28,6.19,6.28,6.13,994.0,星期三,0.0,-0.0143
2003-09-30,6.22,6.28,6.3,6.18,1345.0,星期二,-0.0048,0.0096
2003-09-29,6.38,6.25,6.38,6.25,1330.0,星期一,0.0,-0.0204
2003-09-26,6.48,6.38,6.5,6.37,1135.0,星期五,0.0,-0.0154
2003-09-25,6.6,6.48,6.63,6.47,786.0,星期四,0.0,-0.0182
2003-09-24,6.55,6.6,6.6,6.55,982.0,星期三,0.0,0.0076
2003-09-23,6.51,6.55,6.55,6.48,564.0,星期二,0.0015,0.0061
2003-09-22,6.62,6.5,6.66,6.5,860.0,星期一,0.0076,-0.0181
2003-09-19,6.66,6.57,6.66,6.51,1274.0,星期五,0.0091,-0.0135
2003-09-18,6.58,6.6,6.62,6.55,1155.0,星期四,0.0,0.003
2003-09-17,6.73,6.58,6.73,6.58,1290.0,星期三,0.0,-0.0223
2003-09-16,6.7,6.73,6.77,6.65,1605.0,星期二,-0.0015,0.0045
2003-09-15,6.77,6.71,6.84,6.7,1193.0,星期一,0.0,-0.0089
2003-09-12,6.88,6.77,6.9,6.74,1570.0,星期五,-0.0015,-0.016
2003-09-11,6.9,6.89,6.96,6.88,983.0,星期四,0.0029,-0.0014
2003-09-10,6.8,6.88,6.9,6.8,976.0,星期三,-0.0044,0.0118
2003-09-09,6.85,6.83,6.9,6.8,589.0,星期二,0.0044,-0.0029
2003-09-08,6.85,6.82,6.89,6.78,1353.0,星期一,-0.0072,-0.0044
2003-09-05,7.06,6.9,7.06,6.75,1906.0,星期五,-0.0028,-0.0227
2003-09-04,7.1,7.08,7.18,7.02,2030.0,星期四,0.0,-0.0028
2003-09-03,6.93,7.1,7.15,6.93,1833.0,星期三,-0.0086,0.0245
2003-09-02,6.98,6.99,7.18,6.92,3250.0,星期二,0.0087,0.0014
2003-09-01,6.8,6.92,6.94,6.8,1492.0,星期一,-0.0015,0.0176
2003-08-29,6.75,6.81,6.84,6.75,1060.0,星期五,-0.0015,0.0089
2003-08-28,6.85,6.76,6.85,6.75,1590.0,星期四,0.0,-0.0131
2003-08-27,6.86,6.85,6.95,6.83,1765.0,星期三,-0.0072,-0.0015
2003-08-26,6.87,6.91,6.97,6.85,1147.0,星期二,0.0,0.0058
2003-08-25,7.16,6.87,7.16,6.86,3364.0,星期一,0.0014,-0.0405
2003-08-22,7.18,7.15,7.23,7.15,1681.0,星期五,-0.0055,-0.0042
2003-08-21,7.15,7.22,7.22,7.11,3613.0,星期四,0.007,0.0098
2003-08-20,7.12,7.1,7.14,7.01,1970.0,星期三,0.0028,-0.0028
2003-08-19,7.1,7.1,7.16,7.07,1299.0,星期二,0.0,0.0
2003-08-18,7.16,7.1,7.24,7.08,1629.0,星期一,0.0,-0.0084
2003-08-15,7.1,7.16,7.24,7.06,2562.0,星期五,0.0,0.0085
2003-08-14,7.0,7.1,7.26,7.0,3883.0,星期四,-0.0028,0.0143
2003-08-13,7.14,7.02,7.15,7.02,1422.0,星期三,0.0,-0.0168
2003-08-12,7.19,7.14,7.2,7.06,1440.0,星期二,-0.0083,-0.007
2003-08-11,7.22,7.25,7.25,7.13,2063.0,星期一,0.0,0.0042
2003-08-08,7.11,7.22,7.4,7.06,5941.0,星期五,0.0014,0.0155
2003-08-07,7.11,7.1,7.16,7.1,1742.0,星期四,-0.0042,-0.0014
2003-08-06,7.1,7.14,7.2,7.09,2907.0,星期三,-0.0084,0.0056
2003-08-05,7.2,7.16,7.23,7.14,2085.0,星期二,-0.0014,-0.0056
2003-08-04,7.15,7.21,7.28,7.14,2792.0,星期一,-0.0083,0.0084
2003-08-01,7.2,7.21,7.28,7.1,6214.0,星期五,-0.011,0.0014
2003-07-31,7.21,7.28,7.35,7.18,23323.0,星期四,0.0141,0.0097
2003-07-30,7.0,7.11,7.15,6.95,5951.0,星期三,0.0,0.0157
2003-07-29,6.98,7.0,7.03,6.92,2158.0,星期二,-0.0029,0.0029
2003-07-28,6.9,7.0,7.03,6.82,4134.0,星期一,0.0073,0.0145
2003-07-25,6.9,6.85,7.01,6.83,1502.0,星期五,0.0044,-0.0072
2003-07-24,6.93,6.87,6.93,6.8,1030.0,星期四,0.0029,-0.0087
2003-07-23,6.8,6.91,6.91,6.8,1059.0,星期三,-0.0116,0.0162
2003-07-22,6.9,6.88,6.95,6.74,2288.0,星期二,0.0015,-0.0029
2003-07-21,7.02,6.89,7.02,6.8,2764.0,星期一,-0.0113,-0.0185
2003-07-18,7.22,7.1,7.22,7.01,1963.0,星期五,0.0,-0.0166
2003-07-17,7.16,7.22,7.23,7.12,3527.0,星期四,0.0014,0.0084
2003-07-16,7.1,7.15,7.15,7.05,1596.0,星期三,0.0085,0.007
2003-07-15,7.05,7.04,7.1,7.03,1382.0,星期二,0.0,-0.0014
2003-07-14,7.1,7.05,7.14,7.03,898.0,星期一,-0.0028,-0.007
2003-07-11,7.13,7.12,7.19,7.1,1297.0,星期五,-0.0014,-0.0014
2003-07-10,7.08,7.14,7.15,7.03,1942.0,星期四,0.0071,0.0085
2003-07-09,7.08,7.03,7.1,7.01,444.0,星期三,-0.0028,-0.0071
2003-07-08,7.0,7.1,7.14,7.0,1083.0,星期二,0.0,0.0143
2003-07-07,7.08,7.0,7.08,6.98,1735.0,星期一,0.0028,-0.0113
2003-07-04,7.08,7.06,7.11,7.05,788.0,星期五,0.0043,-0.0028
2003-07-03,7.06,7.05,7.09,7.05,762.0,星期四,0.0014,-0.0014
2003-07-02,7.1,7.05,7.1,7.02,989.0,星期三,0.0071,-0.007
2003-07-01,7.08,7.05,7.15,7.05,1002.0,星期二,0.0071,-0.0042
2003-06-30,7.06,7.03,7.12,7.03,1760.0,星期一,-0.0014,-0.0042
2003-06-27,7.28,7.07,7.28,7.07,1179.0,星期五,0.0097,-0.0288
2003-06-26,7.16,7.21,7.31,7.05,1498.0,星期四,0.0,0.007
2003-06-24,7.15,7.16,7.19,7.12,1103.0,星期二,0.0014,0.0014
2003-06-23,7.23,7.14,7.23,7.1,1534.0,星期一,0.0,-0.0124
2003-06-20,7.26,7.23,7.3,7.22,1358.0,星期五,0.0014,-0.0041
2003-06-19,7.35,7.25,7.35,7.2,2931.0,星期四,-0.0041,-0.0136
2003-06-18,7.44,7.38,7.5,7.35,1653.0,星期三,0.004,-0.0081
2003-06-17,7.45,7.41,7.46,7.38,1488.0,星期二,0.0013,-0.0054
2003-06-16,7.4,7.44,7.46,7.38,1737.0,星期一,-0.0054,0.0054
2003-06-13,7.46,7.44,7.5,7.42,1470.0,星期五,0.0027,-0.0027
2003-06-12,7.53,7.44,7.54,7.4,1271.0,星期四,0.0027,-0.012
2003-06-11,7.43,7.51,7.52,7.36,1533.0,星期三,0.0081,0.0108
2003-06-10,7.3,7.37,7.37,7.28,1193.0,星期二,0.0,0.0096
2003-06-09,7.35,7.3,7.4,7.28,1959.0,星期一,-0.0054,-0.0068
2003-06-06,7.44,7.39,7.49,7.38,2660.0,星期五,-0.0053,-0.0067
2003-06-05,7.55,7.48,7.63,7.48,2041.0,星期四,0.0013,-0.0093
2003-06-04,7.55,7.54,7.59,7.47,2425.0,星期三,-0.0066,-0.0013
2003-06-03,7.75,7.6,7.75,7.58,2420.0,星期二,0.0052,-0.0194
2003-06-02,7.83,7.71,7.85,7.64,4386.0,星期一,0.0038,-0.0153
2003-05-30,7.78,7.8,8.06,7.75,9720.0,星期五,0.0065,0.0026
2003-05-29,7.54,7.73,7.74,7.51,7573.0,星期四,0.0,0.0252
2003-05-28,7.55,7.54,7.64,7.5,3020.0,星期三,0.0013,-0.0013
2003-05-27,7.48,7.54,7.69,7.48,4450.0,星期二,0.0,0.008
2003-05-26,7.48,7.48,7.55,7.45,2421.0,星期一,0.0013,0.0
2003-05-23,7.35,7.47,7.6,7.32,3568.0,星期五,0.0,0.0163
2003-05-22,7.4,7.35,7.4,7.31,1928.0,星期四,-0.0013,-0.0068
2003-05-21,7.41,7.41,7.52,7.4,1555.0,星期三,0.0,0.0
2003-05-20,7.6,7.41,7.6,7.38,2396.0,星期二,0.004,-0.025
2003-05-19,7.5,7.57,7.68,7.5,3027.0,星期一,0.004,0.0093
2003-05-16,7.63,7.47,7.65,7.45,4281.0,星期五,0.0013,-0.021
2003-05-15,7.24,7.62,7.8,7.14,7388.0,星期四,0.0,0.0525
2003-05-14,7.04,7.24,7.3,7.04,3103.0,星期三,0.0028,0.0284
2003-05-13,7.31,7.02,7.36,6.94,5344.0,星期二,-0.0068,-0.0397
2003-05-12,7.5,7.36,7.6,7.35,4396.0,星期一,-0.0027,-0.0187
2003-04-30,7.6,7.52,7.9,7.5,10298.0,星期三,-0.0256,-0.0105
2003-04-29,8.05,7.8,8.07,7.8,4128.0,星期二,0.0,-0.0311
2003-04-28,7.89,8.05,8.07,7.71,6184.0,星期一,-0.0013,0.0203
2003-04-25,8.1,7.9,8.27,7.9,4361.0,星期五,0.0062,-0.0247
2003-04-24,8.35,8.05,8.35,8.05,6816.0,星期四,0.0,-0.0359
2003-04-23,8.67,8.35,8.68,8.35,9377.0,星期三,-0.0012,-0.0369
2003-04-22,8.55,8.68,8.8,8.55,30558.0,星期二,0.0106,0.0152
2003-04-21,8.32,8.46,8.5,8.2,8035.0,星期一,0.0,0.0168
2003-04-18,8.4,8.32,8.43,8.28,5062.0,星期五,0.0108,-0.0095
2003-04-17,8.22,8.31,8.43,8.16,6785.0,星期四,-0.0012,0.0109
2003-04-16,8.41,8.23,8.59,8.2,8740.0,星期三,0.0,-0.0214
2003-04-15,8.45,8.41,8.5,8.36,6673.0,星期二,0.0036,-0.0047
2003-04-14,8.15,8.42,8.43,8.15,8147.0,星期一,0.0012,0.0331
2003-04-11,8.09,8.14,8.16,8.01,5319.0,星期五,0.0,0.0062
2003-04-10,8.02,8.09,8.16,7.9,5793.0,星期四,0.0,0.0087
2003-04-09,7.9,8.02,8.03,7.8,4306.0,星期三,-0.0025,0.0152
2003-04-08,7.99,7.92,8.01,7.89,3538.0,星期二,0.0038,-0.0088
2003-04-07,8.19,7.96,8.2,7.88,4562.0,星期一,0.0,-0.0281
2003-04-04,8.18,8.19,8.22,8.13,1396.0,星期五,0.0,0.0012
2003-04-03,8.18,8.18,8.25,8.17,1808.0,星期四,0.0012,0.0
2003-04-02,8.2,8.17,8.25,8.16,1731.0,星期三,0.0,-0.0037
2003-04-01,8.18,8.2,8.24,8.1,2691.0,星期二,0.0111,0.0024
2003-03-31,8.08,8.09,8.12,8.0,3219.0,星期一,0.0,0.0012
2003-03-28,8.16,8.08,8.2,8.08,2902.0,星期五,-0.0024,-0.0098
2003-03-27,7.88,8.18,8.21,7.74,3747.0,星期四,-0.0025,0.0381
2003-03-26,8.05,7.9,8.05,7.9,1667.0,星期三,0.0025,-0.0186
2003-03-25,8.18,8.03,8.18,8.01,1532.0,星期二,0.0012,-0.0183
2003-03-24,8.18,8.17,8.22,8.14,810.0,星期一,0.0,-0.0012
2003-03-21,8.07,8.18,8.18,8.07,1278.0,星期五,-0.0012,0.0136
2003-03-20,8.17,8.08,8.2,8.06,1786.0,星期四,0.0,-0.011
2003-03-19,8.13,8.17,8.2,8.1,1117.0,星期三,0.0,0.0049
2003-03-18,8.19,8.13,8.37,8.13,1976.0,星期二,0.0012,-0.0073
2003-03-17,8.18,8.18,8.2,8.1,1217.0,星期一,0.0012,0.0
2003-03-14,8.16,8.17,8.22,8.11,1814.0,星期五,0.0,0.0012
2003-03-13,8.21,8.16,8.27,8.16,1374.0,星期四,-0.0061,-0.0061
2003-03-12,8.28,8.26,8.3,8.17,1715.0,星期三,0.0,-0.0024
2003-03-11,8.3,8.28,8.35,8.2,2660.0,星期二,0.0036,-0.0024
2003-03-10,8.42,8.27,8.45,8.23,3522.0,星期一,-0.0024,-0.0178
2003-03-07,8.48,8.44,8.55,8.43,1780.0,星期五,0.0,-0.0047
2003-03-06,8.63,8.48,8.63,8.48,2864.0,星期四,0.0,-0.0174
2003-03-05,8.7,8.63,8.7,8.56,2442.0,星期三,0.0,-0.008
2003-03-04,8.74,8.7,8.79,8.66,1907.0,星期二,0.0,-0.0046
2003-03-03,8.7,8.74,8.75,8.66,1939.0,星期一,0.0012,0.0046
2003-02-28,8.7,8.69,8.76,8.61,2522.0,星期五,0.0,-0.0011
2003-02-27,8.65,8.7,8.84,8.65,2710.0,星期四,-0.0046,0.0058
2003-02-26,8.8,8.69,8.8,8.67,2576.0,星期三,0.0057,-0.0125
2003-02-25,8.62,8.75,8.78,8.55,3454.0,星期二,0.0106,0.0151
2003-02-24,8.57,8.53,8.7,8.52,2544.0,星期一,0.0,-0.0047
2003-02-21,8.72,8.57,8.72,8.53,3933.0,星期五,0.0,-0.0172
2003-02-20,8.78,8.72,8.84,8.7,2858.0,星期四,-0.0023,-0.0068
2003-02-19,8.64,8.8,8.81,8.61,2813.0,星期三,0.0,0.0185
2003-02-18,8.65,8.64,8.72,8.6,2853.0,星期二,-0.0035,-0.0012
2003-02-17,8.86,8.68,8.9,8.64,3886.0,星期一,0.0,-0.0203
2003-02-14,8.7,8.86,8.94,8.7,3980.0,星期五,-0.0034,0.0184
2003-02-13,8.9,8.73,8.93,8.72,6426.0,星期四,-0.0022,-0.0191
2003-02-12,8.6,8.92,8.94,8.51,7130.0,星期三,0.0023,0.0372
2003-02-11,8.45,8.58,8.58,8.42,1961.0,星期二,-0.0059,0.0154
2003-02-10,8.68,8.5,8.68,8.46,2668.0,星期一,-0.0012,-0.0207
2003-01-29,8.8,8.69,8.8,8.68,4660.0,星期三,0.0023,-0.0125
2003-01-28,8.78,8.78,8.82,8.66,4706.0,星期二,0.0023,0.0
2003-01-27,8.64,8.76,8.78,8.61,6340.0,星期一,0.0,0.0139
2003-01-24,8.42,8.64,8.69,8.42,5766.0,星期五,0.0,0.0261
2003-01-23,8.64,8.42,8.69,8.4,6355.0,星期四,0.0,-0.0255
2003-01-22,8.6,8.64,8.7,8.48,10247.0,星期三,-0.0104,0.0047
2003-01-21,9.05,8.69,9.12,8.68,15196.0,星期二,-0.0022,-0.0398
2003-01-20,8.97,9.07,9.35,8.8,23342.0,星期一,-0.0033,0.0111
2003-01-17,9.25,9.0,9.35,8.98,25667.0,星期五,0.0065,-0.027
2003-01-16,8.63,9.19,9.2,8.61,48766.0,星期四,-0.0035,0.0649
2003-01-15,8.8,8.66,9.09,8.5,34859.0,星期三,0.0127,-0.0159
2003-01-14,8.56,8.69,8.96,8.5,25372.0,星期二,0.0012,0.0152
2003-01-13,8.45,8.55,8.66,8.4,7387.0,星期一,-0.0024,0.0118
2003-01-10,8.41,8.47,8.78,8.3,50815.0,星期五,-0.0106,0.0071
2003-01-09,8.03,8.5,8.6,7.85,30081.0,星期四,0.0165,0.0585
2003-01-08,7.63,7.9,7.9,7.63,2955.0,星期三,-0.0142,0.0354
2003-01-07,7.75,7.74,7.98,7.66,5794.0,星期二,0.0157,-0.0013
2003-01-06,7.42,7.63,7.65,7.35,1593.0,星期一,0.0,0.0283
2003-01-03,7.42,7.42,7.48,7.4,1533.0,星期五,0.0,0.0
2003-01-02,7.58,7.42,7.64,7.42,2182.0,星期四,0.0013,-0.0211
2002-12-31,7.66,7.57,7.83,7.55,2592.0,星期二,0.0,-0.0117
2002-12-30,7.6,7.66,7.82,7.6,2404.0,星期一,-0.0343,0.0079
2002-12-27,7.55,7.87,8.19,7.33,3589.0,星期五,-0.0271,0.0424
2002-12-26,8.04,7.76,8.04,7.6,2958.0,星期四,0.0,-0.0348
2002-12-25,8.15,8.04,8.2,8.02,2609.0,星期三,0.0099,-0.0135
2002-12-23,8.18,8.07,8.2,8.06,2610.0,星期一,0.0086,-0.0134
2002-12-20,7.93,8.11,8.28,7.87,5536.0,星期五,0.0038,0.0227
2002-12-19,7.83,7.9,7.97,7.83,1381.0,星期四,-0.0063,0.0089
2002-12-18,8.02,7.88,8.06,7.82,3826.0,星期三,0.0012,-0.0175
2002-12-17,7.95,8.01,8.03,7.92,2317.0,星期二,0.0025,0.0075
2002-12-16,7.88,7.93,7.97,7.81,2053.0,星期一,-0.0013,0.0063
2002-12-13,7.68,7.89,7.95,7.55,2158.0,星期五,-0.0129,0.0273
2002-12-12,7.7,7.78,7.98,7.7,2674.0,星期四,0.0,0.0104
2002-12-11,7.76,7.7,7.85,7.65,3092.0,星期三,0.0,-0.0077
2002-12-10,7.94,7.76,8.0,7.75,1583.0,星期二,-0.0075,-0.0227
2002-12-09,8.0,8.0,8.1,7.92,840.0,星期一,0.0038,0.0
2002-12-06,7.92,7.97,8.15,7.92,1889.0,星期五,-0.0025,0.0063
2002-12-05,8.0,7.94,8.05,7.88,1528.0,星期四,-0.0012,-0.0075
2002-12-04,8.14,8.01,8.21,7.98,5508.0,星期三,0.0278,-0.016
2002-12-03,7.8,7.92,7.94,7.71,1900.0,星期二,0.0,0.0154
2002-12-02,8.19,7.8,8.19,7.78,3378.0,星期一,0.0037,-0.0476
2002-11-29,8.1,8.16,8.33,8.01,9837.0,星期五,0.0012,0.0074
2002-11-28,7.73,8.09,8.1,7.64,4823.0,星期四,0.0,0.0466
2002-11-27,7.68,7.73,7.78,7.48,1899.0,星期三,-0.0039,0.0065
2002-11-26,7.86,7.71,7.95,7.71,1773.0,星期二,0.0013,-0.0191
2002-11-25,7.82,7.85,7.9,7.7,1905.0,星期一,0.0,0.0038
2002-11-22,7.77,7.82,8.0,7.65,4563.0,星期五,0.0117,0.0064
2002-11-21,7.81,7.68,7.9,7.68,2739.0,星期四,-0.0176,-0.0166
2002-11-20,8.23,7.95,8.23,7.92,2120.0,星期三,-0.0084,-0.034
2002-11-19,8.2,8.3,8.35,8.1,1257.0,星期二,0.0049,0.0122
2002-11-18,8.25,8.16,8.37,8.15,1041.0,星期一,-0.0012,-0.0109
2002-11-15,8.3,8.26,8.46,8.2,2246.0,星期五,-0.0036,-0.0048
2002-11-14,8.6,8.33,8.6,8.32,1494.0,星期四,0.0,-0.0314
2002-11-13,8.55,8.6,8.61,8.36,2485.0,星期三,0.0047,0.0058
2002-11-12,8.73,8.51,8.8,8.48,2945.0,星期二,0.0,-0.0252
2002-11-11,8.9,8.73,9.0,8.71,1922.0,星期一,-0.0011,-0.0191
2002-11-08,9.33,8.91,9.35,8.91,3389.0,星期五,0.013,-0.045
2002-11-07,9.2,9.21,9.28,9.17,1512.0,星期四,-0.0043,0.0011
2002-11-06,9.25,9.24,9.29,9.16,2194.0,星期三,-0.0032,-0.0011
2002-11-05,9.15,9.28,9.4,9.15,7843.0,星期二,0.0088,0.0142
2002-11-04,8.99,9.07,9.09,8.95,1516.0,星期一,0.0045,0.0089
2002-11-01,8.85,8.95,8.97,8.85,1827.0,星期五,0.0034,0.0113
2002-10-31,8.78,8.82,8.97,8.76,955.0,星期四,-0.0023,0.0046
2002-10-30,8.86,8.8,8.9,8.76,903.0,星期三,-0.0011,-0.0068
2002-10-29,8.73,8.87,8.9,8.7,1009.0,星期二,0.0,0.016
2002-10-28,8.77,8.73,8.88,8.7,1376.0,星期一,0.0,-0.0046
2002-10-25,8.91,8.77,9.09,8.71,815.0,星期五,-0.0067,-0.0157
2002-10-24,9.06,8.97,9.1,8.97,1191.0,星期四,-0.0033,-0.0099
2002-10-23,9.07,9.09,9.1,9.0,3061.0,星期三,0.0111,0.0022
2002-10-22,8.85,8.97,8.98,8.84,2765.0,星期二,0.0068,0.0136
2002-10-21,8.78,8.79,8.83,8.71,651.0,星期一,0.0011,0.0011
2002-10-18,8.74,8.77,8.8,8.69,1039.0,星期五,-0.0023,0.0034
2002-10-17,8.94,8.76,8.95,8.71,1013.0,星期四,0.0011,-0.0201
2002-10-16,8.81,8.93,9.0,8.81,1234.0,星期三,0.0,0.0136
2002-10-15,8.82,8.81,8.88,8.79,783.0,星期二,0.0,-0.0011
2002-10-14,8.82,8.82,8.83,8.72,1140.0,星期一,0.0011,0.0
2002-10-11,8.83,8.81,8.85,8.8,1337.0,星期五,0.0,-0.0023
2002-10-10,8.88,8.83,8.95,8.81,1100.0,星期四,-0.0034,-0.0056
2002-10-09,9.09,8.91,9.13,8.91,1416.0,星期三,0.0,-0.0198
2002-10-08,9.08,9.09,9.12,9.0,795.0,星期二,-0.0011,0.0011
2002-09-27,9.2,9.09,9.24,9.08,1057.0,星期五,0.011,-0.012
2002-09-26,9.13,9.1,9.16,9.1,1421.0,星期四,0.0,-0.0033
2002-09-25,9.18,9.13,9.24,9.12,2025.0,星期三,0.0,-0.0054
2002-09-24,9.2,9.18,9.25,9.18,770.0,星期二,0.0022,-0.0022
2002-09-23,9.18,9.18,9.23,9.18,750.0,星期一,-0.0076,0.0
2002-09-20,9.36,9.25,9.39,9.25,916.0,星期五,0.0,-0.0118
2002-09-19,9.15,9.36,9.44,9.1,1627.0,星期四,-0.0033,0.023
2002-09-18,9.2,9.18,9.26,9.18,753.0,星期三,-0.0011,-0.0022
2002-09-17,9.19,9.21,9.28,9.14,1582.0,星期二,0.0044,0.0022
2002-09-16,9.35,9.15,9.35,9.15,2320.0,星期一,0.0,-0.0214
2002-09-13,9.41,9.35,9.47,9.34,1305.0,星期五,-0.0021,-0.0064
2002-09-12,9.38,9.43,9.49,9.33,1044.0,星期四,-0.0011,0.0053
2002-09-11,9.28,9.39,9.59,9.28,1601.0,星期三,-0.0201,0.0119
2002-09-10,9.49,9.47,9.49,9.44,996.0,星期二,0.0032,-0.0021
2002-09-09,9.54,9.46,9.54,9.46,1364.0,星期一,0.0,-0.0084
2002-09-06,9.65,9.54,9.7,9.53,1987.0,星期五,-0.001,-0.0114
2002-09-05,9.8,9.66,9.88,9.66,1879.0,星期四,0.0,-0.0143
2002-09-04,9.81,9.8,9.89,9.78,869.0,星期三,0.0,-0.001
2002-09-03,9.78,9.81,9.87,9.78,1288.0,星期二,0.002,0.0031
2002-09-02,9.81,9.76,9.85,9.76,945.0,星期一,0.0,-0.0051
2002-08-30,9.8,9.81,9.95,9.78,670.0,星期五,0.0,0.001
2002-08-29,9.86,9.8,9.95,9.8,1004.0,星期四,0.0,-0.0061
2002-08-28,9.95,9.86,9.97,9.85,1306.0,星期三,0.0,-0.009
2002-08-27,9.8,9.95,10.09,9.76,2597.0,星期二,0.0,0.0153
2002-08-26,9.91,9.8,9.99,9.8,1586.0,星期一,-0.005,-0.0111
2002-08-23,10.05,9.96,10.08,9.9,1470.0,星期五,0.009,-0.009
2002-08-22,9.85,9.96,10.1,9.85,5530.0,星期四,0.0,0.0112
2002-08-21,9.7,9.85,9.86,9.68,1765.0,星期三,-0.0072,0.0155
2002-08-20,9.61,9.77,9.81,9.61,1520.0,星期二,-0.0021,0.0166
2002-08-19,9.65,9.63,9.72,9.61,1503.0,星期一,0.0,-0.0021
2002-08-16,9.6,9.65,9.75,9.59,1882.0,星期五,-0.0031,0.0052
2002-08-15,9.8,9.63,9.8,9.62,1363.0,星期四,-0.001,-0.0173
2002-08-14,9.71,9.81,9.81,9.71,512.0,星期三,0.0,0.0103
2002-08-13,9.71,9.71,9.8,9.71,738.0,星期二,-0.0021,0.0
2002-08-12,9.72,9.73,9.82,9.7,1188.0,星期一,-0.0031,0.001
2002-08-09,9.7,9.75,9.88,9.7,1616.0,星期五,-0.0182,0.0052
2002-08-08,9.89,9.88,10.0,9.86,976.0,星期四,0.0,-0.001
2002-08-07,9.96,9.89,10.0,9.86,1012.0,星期三,0.0,-0.007
2002-08-06,9.85,9.96,10.04,9.85,1808.0,星期二,0.0,0.0112
2002-08-05,9.83,9.85,9.92,9.81,1178.0,星期一,0.0,0.002
2002-08-02,9.75,9.83,9.87,9.7,1176.0,星期五,-0.002,0.0082
2002-08-01,9.86,9.77,9.88,9.75,3089.0,星期四,-0.006,-0.0091
2002-07-31,10.08,9.92,10.08,9.9,2251.0,星期三,0.005,-0.0159
2002-07-30,10.0,10.03,10.06,9.96,1324.0,星期二,-0.005,0.003
2002-07-29,10.0,10.05,10.05,9.94,1877.0,星期一,-0.005,0.005
2002-07-26,10.04,10.05,10.15,10.03,1973.0,星期五,0.0,0.001
2002-07-25,10.15,10.04,10.21,10.03,2402.0,星期四,0.005,-0.0108
2002-07-24,10.18,10.1,10.24,10.04,2802.0,星期三,0.0,-0.0079
2002-07-23,10.21,10.18,10.3,10.18,3926.0,星期二,-0.0039,-0.0029
2002-07-22,10.45,10.25,10.46,10.21,19166.0,星期一,0.0097,-0.0191
2002-07-19,10.12,10.35,10.38,10.09,9535.0,星期五,0.004,0.0227
2002-07-18,10.15,10.08,10.19,10.08,3312.0,星期四,0.0,-0.0069
2002-07-17,10.01,10.15,10.15,10.0,4591.0,星期三,0.001,0.014
2002-07-16,9.91,10.0,10.04,9.91,5411.0,星期二,-0.004,0.0091
2002-07-15,10.1,9.95,10.1,9.89,12777.0,星期一,-0.0175,-0.0149
2002-07-12,10.23,10.28,10.34,10.16,3643.0,星期五,-0.001,0.0049
2002-07-11,10.2,10.24,10.4,10.16,4167.0,星期四,-0.0029,0.0039
2002-07-10,10.4,10.23,10.4,10.21,6232.0,星期三,0.0,-0.0163
2002-07-09,10.55,10.4,10.57,10.38,4166.0,星期二,0.0009,-0.0142
2002-07-08,10.63,10.54,10.64,10.5,3711.0,星期一,0.0143,-0.0085
2002-07-05,10.4,10.48,10.54,10.36,6444.0,星期五,-0.0029,0.0077
2002-07-04,10.66,10.43,10.72,10.41,7964.0,星期四,-0.0009,-0.0216
2002-07-03,10.88,10.67,10.95,10.63,7660.0,星期三,0.0226,-0.0193
2002-07-02,10.5,10.64,10.65,10.35,9195.0,星期二,-0.0028,0.0133
2002-07-01,10.63,10.53,11.0,10.53,26893.0,星期一,0.0047,-0.0094
2002-06-27,10.72,10.58,10.75,10.5,19350.0,星期四,-0.0009,-0.0131
2002-06-26,10.31,10.73,11.18,10.18,58251.0,星期三,-0.0096,0.0407
2002-06-25,10.5,10.41,10.74,10.28,35275.0,星期二,-0.0057,-0.0086
2002-06-24,10.56,10.56,10.56,10.0,43322.0,星期一,0.1,0.0
2002-06-21,9.15,9.6,9.6,9.11,13692.0,星期五,0.0033,0.0492
2002-06-20,9.1,9.12,9.33,9.1,1673.0,星期四,-0.0011,0.0022
2002-06-19,9.25,9.11,9.25,9.1,1435.0,星期三,-0.0011,-0.0151
2002-06-18,9.06,9.26,9.33,9.06,3179.0,星期二,0.0067,0.0221
2002-06-17,8.94,9.0,9.05,8.8,1617.0,星期一,-0.0067,0.0067
2002-06-14,9.15,9.0,9.2,9.0,3077.0,星期五,-0.0054,-0.0164
2002-06-13,9.28,9.2,9.36,9.2,2150.0,星期四,-0.0054,-0.0086
2002-06-12,9.4,9.33,9.4,9.24,2997.0,星期三,-0.0074,-0.0074
2002-06-11,9.37,9.47,9.54,9.26,4017.0,星期二,0.0,0.0107
2002-06-10,9.43,9.37,9.5,9.25,3272.0,星期一,-0.0053,-0.0064
2002-06-07,9.3,9.48,9.69,9.15,11240.0,星期五,0.0054,0.0194
2002-06-06,8.7,9.25,9.45,8.67,6497.0,星期四,0.0,0.0632
2002-06-05,9.03,8.7,9.03,8.68,4046.0,星期三,-0.0055,-0.0365
2002-06-04,9.0,9.08,9.13,8.88,3568.0,星期二,-0.0022,0.0089
2002-06-03,9.22,9.02,9.22,9.0,4466.0,星期一,-0.0107,-0.0217
2002-05-31,9.41,9.32,9.45,9.3,2471.0,星期五,0.0,-0.0096
2002-05-30,9.38,9.41,9.54,9.27,3309.0,星期四,-0.0021,0.0032
2002-05-29,9.66,9.4,9.66,9.31,4438.0,星期三,0.0,-0.0269
2002-05-28,9.66,9.66,9.79,9.61,3078.0,星期二,0.0063,0.0
2002-05-27,9.6,9.6,9.73,9.42,2541.0,星期一,0.0063,0.0
2002-05-24,9.75,9.54,9.8,9.48,4518.0,星期五,0.0031,-0.0215
2002-05-23,9.75,9.72,9.96,9.65,5445.0,星期四,0.0125,-0.0031
2002-05-22,10.01,9.63,10.02,9.62,8867.0,星期三,-0.004,-0.038
2002-05-21,9.6,10.05,10.22,9.48,21810.0,星期二,0.0334,0.0469
2002-05-20,9.6,9.29,9.6,9.2,6032.0,星期一,0.0,-0.0323
2002-05-17,9.41,9.6,9.69,9.37,8503.0,星期五,0.0,0.0202
2002-05-16,9.9,9.41,9.92,9.38,9660.0,星期四,-0.005,-0.0495
2002-05-15,10.02,9.95,10.09,9.95,5755.0,星期三,0.0,-0.007
2002-05-14,10.05,10.02,10.28,9.96,5426.0,星期二,0.002,-0.003
2002-05-13,10.18,10.03,10.18,10.0,6483.0,星期一,-0.001,-0.0147
2002-05-10,10.23,10.19,10.45,10.18,6379.0,星期五,0.001,-0.0039
2002-05-09,10.18,10.22,10.32,10.12,4850.0,星期四,0.0,0.0039
2002-05-08,10.35,10.18,10.38,10.11,9344.0,星期三,-0.0067,-0.0164
2002-04-30,10.9,10.42,10.9,10.36,16096.0,星期二,0.0158,-0.044
2002-04-29,10.33,10.73,10.75,10.3,26053.0,星期一,0.0029,0.0387
2002-04-26,10.05,10.3,10.45,10.04,17615.0,星期五,0.006,0.0249
2002-04-25,10.08,9.99,10.17,9.9,6012.0,星期四,-0.003,-0.0089
2002-04-24,10.18,10.11,10.29,10.0,7501.0,星期三,-0.0049,-0.0069
2002-04-23,10.38,10.23,10.55,10.22,11823.0,星期二,0.0058,-0.0145
2002-04-22,10.09,10.32,10.38,9.95,11933.0,星期一,-0.0079,0.0228
2002-04-19,10.28,10.17,10.35,9.8,22918.0,星期五,-0.001,-0.0107
2002-04-18,10.43,10.29,10.5,10.28,9595.0,星期四,0.0058,-0.0134
2002-04-17,10.6,10.37,10.63,10.26,11252.0,星期三,0.0,-0.0217
2002-04-16,10.49,10.6,10.73,10.3,19872.0,星期二,-0.001,0.0105
2002-04-15,10.7,10.5,10.8,10.26,27846.0,星期一,-0.0009,-0.0187
2002-04-12,10.89,10.71,11.09,10.63,51551.0,星期五,-0.0037,-0.0165
2002-04-11,10.87,10.93,11.0,10.6,144847.0,星期四,0.0313,0.0055
2002-04-10,9.6,10.54,10.54,9.6,48303.0,星期三,0.0021,0.0979
2002-04-09,9.22,9.58,9.72,9.2,8701.0,星期二,0.0022,0.039
2002-04-08,9.12,9.2,9.28,9.1,1350.0,星期一,-0.0065,0.0088
2002-04-05,9.25,9.18,9.33,9.15,2854.0,星期五,0.0054,-0.0076
2002-04-04,8.74,9.2,9.25,8.7,3883.0,星期四,-0.0046,0.0526
2002-04-03,8.78,8.78,8.88,8.7,2209.0,星期三,0.0046,0.0
2002-04-02,9.02,8.74,9.05,8.7,3001.0,星期二,0.0,-0.031
2002-04-01,8.99,9.02,9.08,8.93,2690.0,星期一,-0.0022,0.0033
2002-03-29,9.31,9.01,9.35,8.98,4845.0,星期五,-0.0096,-0.0322
2002-03-28,9.3,9.4,9.55,9.3,2647.0,星期四,-0.0148,0.0108
2002-03-27,9.45,9.44,9.45,9.28,3223.0,星期三,-0.0021,-0.0011
2002-03-26,9.58,9.47,9.7,9.4,3752.0,星期二,-0.0052,-0.0115
2002-03-25,9.6,9.63,9.64,9.55,2849.0,星期一,-0.0072,0.0031
2002-03-22,9.9,9.67,9.9,9.61,3794.0,星期五,0.003,-0.0232
2002-03-21,9.84,9.87,10.05,9.8,5826.0,星期四,0.0,0.003
2002-03-20,9.81,9.84,9.95,9.77,7151.0,星期三,0.0041,0.0031
2002-03-19,9.58,9.77,9.81,9.53,3711.0,星期二,-0.0021,0.0198
2002-03-18,9.8,9.6,9.95,9.51,5085.0,星期一,0.0262,-0.0204
2002-03-15,9.85,9.55,10.19,9.51,13597.0,星期五,0.001,-0.0305
2002-03-14,9.49,9.84,9.88,9.46,6976.0,星期四,-0.0042,0.0369
2002-03-13,9.7,9.53,9.96,9.52,12021.0,星期三,-0.0162,-0.0175
2002-03-12,9.7,9.86,10.28,9.45,22036.0,星期二,0.001,0.0165
2002-03-11,9.64,9.69,9.7,9.48,10717.0,星期一,0.0031,0.0052
2002-03-08,9.42,9.61,9.7,9.34,19882.0,星期五,0.0107,0.0202
2002-03-07,9.01,9.32,9.32,9.01,9183.0,星期四,0.0011,0.0344
2002-03-06,9.0,9.0,9.2,8.93,9558.0,星期三,0.0078,0.0
2002-03-05,8.79,8.93,9.02,8.75,7588.0,星期二,0.0046,0.0159
2002-03-04,8.52,8.75,8.75,8.45,2607.0,星期一,-0.0093,0.027
2002-03-01,8.7,8.6,8.76,8.59,3531.0,星期五,-0.008,-0.0115
2002-02-28,8.84,8.77,9.0,8.76,4351.0,星期四,-0.0011,-0.0079
2002-02-27,8.89,8.85,8.95,8.81,2717.0,星期三,0.0,-0.0045
2002-02-26,8.73,8.89,8.9,8.7,7900.0,星期二,-0.0011,0.0183
2002-02-25,8.82,8.74,8.87,8.59,5282.0,星期一,0.0268,-0.0091
2002-02-08,8.75,8.59,8.88,8.58,6726.0,星期五,-0.0034,-0.0183
2002-02-07,8.18,8.78,8.95,8.18,18827.0,星期四,-0.0024,0.0733
2002-02-06,8.46,8.2,8.5,8.2,3153.0,星期三,-0.0012,-0.0307
2002-02-05,8.51,8.47,8.55,8.35,3999.0,星期二,-0.0012,-0.0047
2002-02-04,8.25,8.52,8.52,8.25,4574.0,星期一,-0.0036,0.0327
2002-02-01,8.29,8.28,8.58,8.16,7588.0,星期五,0.0036,-0.0012
2002-01-31,7.74,8.26,8.4,7.74,11285.0,星期四,0.0065,0.0672
2002-01-30,7.58,7.69,7.84,7.52,2342.0,星期三,0.0,0.0145
2002-01-29,7.2,7.58,7.7,7.18,2809.0,星期二,-0.0137,0.0528
2002-01-28,7.87,7.3,8.09,7.3,4902.0,星期一,-0.0051,-0.0724
2002-01-25,7.76,7.91,8.15,7.65,4846.0,星期五,-0.0051,0.0193
2002-01-24,7.6,7.8,7.99,7.35,5888.0,星期四,-0.013,0.0263
2002-01-23,7.12,7.7,7.7,7.1,4102.0,星期三,-0.0028,0.0815
2002-01-22,7.1,7.14,7.57,7.0,4212.0,星期二,0.0,0.0056
2002-01-21,7.45,7.1,7.45,7.1,2266.0,星期一,-0.0053,-0.047
2002-01-18,7.45,7.49,7.76,7.23,2992.0,星期五,-0.0119,0.0054
2002-01-17,7.96,7.54,7.96,7.43,2412.0,星期四,0.0,-0.0528
2002-01-16,7.8,7.96,8.18,7.78,1657.0,星期三,-0.0152,0.0205
2002-01-15,8.2,7.92,8.25,7.9,2639.0,星期二,-0.0073,-0.0341
2002-01-14,8.6,8.26,8.6,8.25,2907.0,星期一,-0.0058,-0.0395
2002-01-11,8.95,8.65,8.95,8.65,999.0,星期五,0.0011,-0.0335
2002-01-10,8.78,8.94,8.95,8.49,2454.0,星期四,-0.0011,0.0182
2002-01-09,8.94,8.79,8.94,8.72,1730.0,星期三,0.0,-0.0168
2002-01-08,9.12,8.94,9.12,8.93,629.0,星期二,0.0077,-0.0197
2002-01-07,9.08,9.05,9.08,8.98,1157.0,星期一,0.0,-0.0033
2002-01-04,9.25,9.08,9.25,9.08,906.0,星期五,0.0,-0.0184
2001-12-31,9.22,9.25,9.3,9.22,994.0,星期一,0.0,0.0033
2001-12-28,9.19,9.22,9.28,9.13,1002.0,星期五,0.0,0.0033
2001-12-27,9.27,9.19,9.35,9.18,742.0,星期四,0.0,-0.0086
2001-12-26,9.11,9.27,9.38,9.06,750.0,星期三,0.0033,0.0176
2001-12-25,9.21,9.08,9.21,9.05,1333.0,星期二,0.011,-0.0141
2001-12-24,9.26,9.11,9.27,9.1,1371.0,星期一,-0.0022,-0.0162
2001-12-21,9.26,9.28,9.35,9.2,936.0,星期五,0.0,0.0022
2001-12-20,9.45,9.26,9.45,9.16,2342.0,星期四,-0.0053,-0.0201
2001-12-19,9.65,9.5,9.73,9.5,859.0,星期三,0.0021,-0.0155
2001-12-18,9.45,9.63,9.63,9.45,885.0,星期二,0.0043,0.019
2001-12-17,9.58,9.41,9.58,9.39,1153.0,星期一,0.0,-0.0177
2001-12-14,9.55,9.58,9.69,9.5,2120.0,星期五,-0.0083,0.0031
2001-12-13,9.82,9.63,9.88,9.6,2325.0,星期四,0.0,-0.0193
2001-12-12,9.97,9.82,10.05,9.81,1853.0,星期三,-0.004,-0.015
2001-12-11,10.12,10.01,10.12,10.0,1434.0,星期二,-0.002,-0.0109
2001-12-10,10.07,10.14,10.15,9.98,2177.0,星期一,0.0,0.007
2001-12-07,10.15,10.07,10.25,10.06,2053.0,星期五,-0.002,-0.0079
2001-12-06,10.0,10.17,10.34,9.93,5461.0,星期四,-0.003,0.017
2001-12-05,10.06,10.03,10.24,10.0,6025.0,星期三,0.002,-0.003
2001-12-04,10.07,10.04,10.08,9.98,2702.0,星期二,-0.002,-0.003
2001-12-03,10.06,10.09,10.15,10.06,3725.0,星期一,0.0,0.003
2001-11-30,9.96,10.06,10.07,9.96,3055.0,星期五,0.0,0.01
2001-11-29,9.93,9.96,10.08,9.85,4967.0,星期四,-0.003,0.003
2001-11-28,9.72,9.96,10.05,9.7,10788.0,星期三,0.0104,0.0247
2001-11-27,9.44,9.62,9.62,9.44,1501.0,星期二,-0.0074,0.0191
2001-11-26,9.6,9.51,9.6,9.44,1715.0,星期一,-0.0072,-0.0094
2001-11-23,9.73,9.67,9.78,9.65,2185.0,星期五,-0.0021,-0.0062
2001-11-22,9.6,9.75,9.78,9.58,3281.0,星期四,0.0,0.0156
2001-11-21,9.68,9.6,9.68,9.48,2434.0,星期三,0.0021,-0.0083
2001-11-20,9.5,9.66,9.76,9.46,4810.0,星期二,0.0096,0.0168
2001-11-19,9.2,9.41,9.44,9.18,1816.0,星期一,-0.0022,0.0228
2001-11-16,9.5,9.22,9.73,9.2,6126.0,星期五,0.0626,-0.0295
2001-11-15,9.0,8.94,9.05,8.88,660.0,星期四,0.0135,-0.0067
2001-11-14,9.0,8.88,9.02,8.88,650.0,星期三,0.0135,-0.0133
2001-11-13,8.85,8.88,8.91,8.8,1071.0,星期二,-0.0056,0.0034
2001-11-12,9.06,8.9,9.06,8.9,956.0,星期一,0.0067,-0.0177
2001-11-09,8.95,9.0,9.1,8.7,1938.0,星期五,0.0056,0.0056
2001-11-08,8.72,8.9,9.0,8.65,2958.0,星期四,-0.0202,0.0206
2001-11-07,9.4,8.9,9.43,8.88,2822.0,星期三,-0.0011,-0.0532
2001-11-06,9.48,9.41,9.57,9.41,651.0,星期二,0.0,-0.0074
2001-11-05,9.4,9.48,9.6,9.4,768.0,星期一,-0.0229,0.0085
2001-11-02,9.78,9.62,9.8,9.6,1691.0,星期五,-0.0061,-0.0164
2001-11-01,9.88,9.84,9.96,9.73,1737.0,星期四,0.0123,-0.004
2001-10-31,9.76,9.76,9.76,9.56,1042.0,星期三,-0.0051,0.0
2001-10-30,9.88,9.81,9.88,9.72,985.0,星期二,0.0,-0.0071
2001-10-29,9.71,9.88,9.9,9.71,1662.0,星期一,0.0031,0.0175
2001-10-26,9.7,9.68,9.82,9.53,2374.0,星期五,-0.001,-0.0021
2001-10-25,10.0,9.71,10.05,9.68,3552.0,星期四,-0.002,-0.029
2001-10-24,9.98,10.02,10.26,9.75,9263.0,星期三,0.0418,0.004
2001-10-23,9.44,9.58,9.58,9.28,6898.0,星期二,0.0838,0.0148
2001-10-22,9.2,8.71,9.2,8.7,2694.0,星期一,-0.0043,-0.0533
2001-10-19,9.55,9.24,9.6,9.17,2893.0,星期五,-0.0093,-0.0325
2001-10-18,9.8,9.64,9.84,9.61,977.0,星期四,-0.002,-0.0163
2001-10-17,9.9,9.82,9.96,9.75,930.0,星期三,-0.002,-0.0081
2001-10-16,10.12,9.92,10.12,9.91,900.0,星期二,0.0,-0.0198
2001-10-15,10.18,10.12,10.3,10.08,1613.0,星期一,0.0059,-0.0059
2001-10-12,9.8,10.12,10.2,9.66,2919.0,星期五,0.002,0.0327
2001-10-11,10.15,9.78,10.2,9.78,3097.0,星期四,0.005,-0.0365
2001-10-10,10.55,10.1,10.61,10.0,2985.0,星期三,0.0,-0.0427
2001-10-09,10.52,10.55,10.63,10.48,1229.0,星期二,0.0,0.0029
2001-10-08,10.84,10.52,10.9,10.52,1185.0,星期一,0.0074,-0.0295
2001-09-28,10.81,10.76,10.9,10.71,1600.0,星期五,0.0,-0.0046
2001-09-27,10.9,10.81,10.99,10.73,1503.0,星期四,0.0028,-0.0083
2001-09-26,11.1,10.87,11.15,10.82,1907.0,星期三,-0.0009,-0.0207
2001-09-25,11.22,11.11,11.28,11.06,1174.0,星期二,0.009,-0.0098
2001-09-24,11.3,11.12,11.38,11.02,1526.0,星期一,0.0009,-0.0159
2001-09-20,11.4,11.29,11.5,11.25,3738.0,星期四,0.0018,-0.0096
2001-09-19,11.16,11.38,11.43,10.95,3241.0,星期三,0.0045,0.0197
2001-09-18,11.0,11.11,11.31,11.0,1540.0,星期二,0.0,0.01
2001-09-17,10.95,11.0,11.15,10.9,2315.0,星期一,-0.0054,0.0046
2001-09-14,11.04,11.01,11.13,10.97,1425.0,星期五,-0.0081,-0.0027
2001-09-13,11.22,11.13,11.34,11.1,2185.0,星期四,0.0,-0.008
2001-09-12,11.3,11.22,11.3,10.79,6912.0,星期三,-0.0122,-0.0071
2001-09-11,11.5,11.44,11.6,11.3,4730.0,星期二,0.0079,-0.0052
2001-09-10,10.8,11.41,11.52,10.6,5728.0,星期一,-0.0155,0.0565
2001-09-07,11.3,10.97,11.3,10.97,4750.0,星期五,-0.0044,-0.0292
2001-09-06,11.29,11.35,11.44,11.22,4807.0,星期四,-0.0096,0.0053
2001-09-05,11.0,11.4,11.85,10.98,18885.0,星期三,0.0138,0.0364
2001-09-04,10.56,10.85,10.86,10.56,1759.0,星期二,0.0009,0.0275
2001-09-03,10.68,10.55,10.68,10.51,720.0,星期一,0.0,-0.0122
2001-08-31,10.59,10.68,10.73,10.59,1567.0,星期五,0.0019,0.0085
2001-08-30,10.68,10.57,10.68,10.5,873.0,星期四,0.0,-0.0103
2001-08-29,10.52,10.68,10.95,10.52,2907.0,星期三,0.0019,0.0152
2001-08-28,10.44,10.5,10.5,10.28,2440.0,星期二,-0.0057,0.0057
2001-08-27,10.71,10.5,10.71,10.5,2401.0,星期一,-0.0083,-0.0196
2001-08-24,10.88,10.8,11.0,10.76,1406.0,星期五,-0.0009,-0.0074
2001-08-23,10.87,10.89,10.93,10.7,1254.0,星期四,-0.0064,0.0018
2001-08-22,11.2,10.94,11.2,10.88,2199.0,星期三,0.0045,-0.0232
2001-08-21,11.08,11.15,11.23,11.08,1184.0,星期二,0.0018,0.0063
2001-08-20,10.9,11.06,11.1,10.89,833.0,星期一,-0.0082,0.0147
2001-08-17,11.0,10.99,11.05,10.88,1340.0,星期五,-0.0063,-0.0009
2001-08-16,11.04,11.07,11.47,11.0,5569.0,星期四,0.0156,0.0027
2001-08-15,10.88,10.87,10.96,10.81,2024.0,星期三,-0.0064,-0.0009
2001-08-14,11.1,10.95,11.1,10.8,1191.0,星期二,-0.0027,-0.0135
2001-08-13,11.07,11.13,11.18,11.01,1757.0,星期一,0.0009,0.0054
2001-08-10,10.92,11.06,11.09,10.92,2959.0,星期五,0.0018,0.0128
2001-08-09,10.66,10.9,10.9,10.66,1823.0,星期四,0.0019,0.0225
2001-08-08,10.75,10.64,10.8,10.64,1987.0,星期三,0.0,-0.0102
2001-08-07,10.56,10.75,10.8,10.4,3408.0,星期二,0.0,0.018
2001-08-06,11.2,10.56,11.2,10.5,4556.0,星期一,-0.0027,-0.0571
2001-08-03,11.28,11.23,11.34,11.1,1913.0,星期五,0.0,-0.0044
2001-08-02,11.36,11.28,11.7,11.05,2886.0,星期四,-0.0061,-0.007
2001-08-01,11.16,11.43,11.5,11.16,3472.0,星期三,0.0054,0.0242
2001-07-31,11.3,11.1,11.69,11.0,4133.0,星期二,-0.0174,-0.0177
2001-07-30,12.15,11.5,12.2,11.5,4759.0,星期一,-0.0122,-0.0535
2001-07-27,12.25,12.3,12.99,12.0,5551.0,星期五,0.0025,0.0041
2001-07-26,12.28,12.22,12.38,12.18,4522.0,星期四,0.0008,-0.0049
2001-07-25,12.58,12.27,12.6,12.25,3718.0,星期三,-0.0094,-0.0246
2001-07-24,12.76,12.7,12.76,12.61,1753.0,星期二,-0.007,-0.0047
2001-07-23,12.99,12.85,13.0,12.83,1930.0,星期一,0.0039,-0.0108
2001-07-20,12.8,12.94,12.98,12.68,3206.0,星期五,0.0031,0.0109
2001-07-19,12.78,12.76,12.85,12.6,1715.0,星期四,0.0175,-0.0016
2001-07-18,12.55,12.56,12.6,12.5,1820.0,星期三,0.0008,0.0008
2001-07-17,12.61,12.54,12.66,12.49,2967.0,星期二,0.0,-0.0056
2001-07-16,12.98,12.61,12.98,12.61,3060.0,星期一,0.0164,-0.0285
2001-07-13,12.8,12.77,12.9,12.77,1731.0,星期五,0.0023,-0.0023
2001-07-12,12.84,12.77,12.85,12.76,2297.0,星期四,0.0,-0.0055
2001-07-11,12.89,12.84,12.95,12.84,1725.0,星期三,0.0023,-0.0039
2001-07-10,12.87,12.86,12.9,12.75,1792.0,星期二,0.0023,-0.0008
2001-07-09,12.88,12.84,12.96,12.8,2092.0,星期一,-0.0016,-0.0031
2001-07-06,12.88,12.9,13.01,12.85,2616.0,星期五,0.0023,0.0016
2001-07-05,12.93,12.85,12.98,12.82,4004.0,星期四,0.0,-0.0062
2001-07-04,13.02,12.93,13.05,12.9,3301.0,星期三,0.0015,-0.0069
2001-07-03,13.08,13.0,13.1,12.95,2299.0,星期二,0.0031,-0.0061
2001-07-02,13.05,13.04,13.12,13.0,2718.0,星期一,0.0015,-0.0008
2001-06-29,13.15,13.03,13.17,13.0,3360.0,星期五,0.0061,-0.0091
2001-06-28,13.17,13.07,13.2,13.07,3741.0,星期四,0.0,-0.0076
2001-06-27,13.13,13.17,13.28,13.1,3958.0,星期三,-0.0023,0.003
2001-06-26,13.21,13.16,13.29,13.13,3256.0,星期二,0.0015,-0.0038
2001-06-25,13.15,13.19,13.19,13.06,4214.0,星期一,0.0038,0.003
2001-06-22,13.02,13.1,13.16,13.02,1911.0,星期五,0.0008,0.0061
2001-06-21,12.96,13.01,13.02,12.96,2666.0,星期四,0.0,0.0039
2001-06-20,12.92,12.96,13.05,12.88,2225.0,星期三,0.0,0.0031
2001-06-19,13.0,12.92,13.0,12.86,4336.0,星期二,0.0,-0.0062
2001-06-18,13.25,13.0,13.25,12.98,7995.0,星期一,0.003,-0.0189
2001-06-15,13.2,13.21,13.45,13.15,6035.0,星期五,-0.0098,0.0008
2001-06-14,13.48,13.33,13.6,13.31,4459.0,星期四,0.012,-0.0111
2001-06-13,13.35,13.32,13.35,13.26,5058.0,星期三,0.0,-0.0022
2001-06-12,13.27,13.35,13.36,13.2,4295.0,星期二,0.0,0.006
2001-06-11,13.46,13.27,13.48,13.23,4114.0,星期一,0.0105,-0.0141
2001-06-08,13.41,13.32,13.45,13.28,4111.0,星期五,-0.0015,-0.0067
2001-06-07,13.52,13.43,13.55,13.38,4779.0,星期四,0.0015,-0.0067
2001-06-06,13.6,13.5,13.64,13.45,5933.0,星期三,0.0007,-0.0074
2001-06-05,13.4,13.59,13.66,13.36,8083.0,星期二,0.0037,0.0142
2001-06-04,13.3,13.35,13.41,13.23,6008.0,星期一,0.0023,0.0038
2001-06-01,13.3,13.27,13.4,13.2,4734.0,星期五,0.0061,-0.0023
2001-05-31,13.4,13.22,13.44,13.21,4761.0,星期四,0.0045,-0.0134
2001-05-30,13.18,13.34,13.4,13.17,3097.0,星期三,0.0008,0.0121
2001-05-29,13.11,13.17,13.23,13.1,3091.0,星期二,0.0,0.0046
2001-05-28,13.3,13.11,13.3,13.09,5459.0,星期一,0.0,-0.0143
2001-05-25,13.32,13.3,13.35,13.25,4292.0,星期五,0.0,-0.0015
2001-05-24,13.36,13.32,13.45,13.3,4425.0,星期四,0.0007,-0.003
2001-05-23,13.57,13.35,13.62,13.3,5304.0,星期三,0.0,-0.0162
2001-05-22,13.56,13.57,13.65,13.55,4983.0,星期二,-0.0015,0.0007
2001-05-21,13.66,13.58,13.75,13.55,6835.0,星期一,0.0007,-0.0059
2001-05-18,13.77,13.65,13.8,13.6,5405.0,星期五,0.0015,-0.0087
2001-05-17,13.9,13.75,13.92,13.73,6600.0,星期四,0.0029,-0.0108
2001-05-16,13.7,13.86,13.98,13.65,17440.0,星期三,0.0044,0.0117
2001-05-15,13.74,13.64,13.78,13.61,7968.0,星期二,0.0029,-0.0073
2001-05-14,13.5,13.7,13.75,13.49,12137.0,星期一,0.0007,0.0148
2001-05-11,13.45,13.49,13.64,13.45,5097.0,星期五,-0.0044,0.003
2001-05-10,13.4,13.51,13.55,13.31,4405.0,星期四,0.0,0.0082
2001-05-09,13.32,13.4,13.5,13.2,3516.0,星期三,0.0,0.006
2001-05-08,13.57,13.32,13.57,13.28,2211.0,星期二,0.015,-0.0184
2001-04-30,13.28,13.37,13.5,13.28,3870.0,星期一,0.0,0.0068
2001-04-27,13.27,13.28,13.35,13.24,3967.0,星期五,0.0015,0.0008
2001-04-26,13.35,13.25,13.5,13.21,4200.0,星期四,-0.0007,-0.0075
2001-04-25,13.7,13.36,13.7,13.35,5721.0,星期三,0.0,-0.0248
2001-04-24,13.48,13.7,13.78,13.48,8078.0,星期二,0.0,0.0163
2001-04-23,13.41,13.48,13.51,13.35,5651.0,星期一,-0.0081,0.0052
2001-04-20,13.44,13.52,13.8,13.4,10306.0,星期五,0.003,0.006
2001-04-19,13.58,13.4,13.58,13.3,5531.0,星期四,0.0015,-0.0133
2001-04-18,13.72,13.56,13.73,13.5,7356.0,星期三,0.0059,-0.0117
2001-04-17,13.36,13.64,13.78,13.36,11905.0,星期二,0.003,0.021
2001-04-16,13.35,13.32,13.45,13.28,8284.0,星期一,0.0053,-0.0022
2001-04-13,13.43,13.28,13.49,13.2,6884.0,星期五,0.0015,-0.0112
2001-04-12,13.27,13.41,13.56,13.27,5911.0,星期四,0.0,0.0106
2001-04-11,13.2,13.27,13.3,13.18,3017.0,星期三,-0.0015,0.0053
2001-04-09,13.26,13.22,13.35,13.18,4592.0,星期一,-0.0015,-0.003
2001-04-06,13.4,13.28,13.46,13.24,2894.0,星期五,0.009,-0.009
2001-04-05,13.22,13.28,13.3,13.18,5128.0,星期四,-0.0023,0.0045
2001-04-04,13.43,13.25,13.5,13.2,4589.0,星期三,0.0,-0.0134
2001-04-03,13.54,13.43,13.54,13.42,3866.0,星期二,0.0022,-0.0081
2001-04-02,13.45,13.51,13.6,13.43,4825.0,星期一,0.0,0.0045
2001-03-30,13.48,13.45,13.48,13.38,4336.0,星期五,-0.0015,-0.0022
2001-03-29,13.63,13.5,13.64,13.45,4470.0,星期四,0.0,-0.0095
2001-03-28,13.76,13.63,13.78,13.58,5600.0,星期三,0.0015,-0.0094
2001-03-27,13.43,13.74,13.82,13.43,11775.0,星期二,0.0022,0.0231
2001-03-26,13.23,13.4,13.4,13.2,3928.0,星期一,-0.0038,0.0128
2001-03-23,13.4,13.28,13.54,13.28,9565.0,星期五,0.0037,-0.009
2001-03-22,13.3,13.35,13.4,13.25,5979.0,星期四,0.003,0.0038
2001-03-21,13.05,13.26,13.3,13.05,4455.0,星期三,0.0008,0.0161
2001-03-20,13.01,13.04,13.15,12.96,6549.0,星期二,-0.0015,0.0023
2001-03-19,13.0,13.03,13.04,12.92,4871.0,星期一,-0.0031,0.0023
2001-03-16,13.14,13.04,13.16,12.98,5037.0,星期五,0.0,-0.0076
2001-03-15,13.16,13.14,13.25,13.1,2991.0,星期四,0.0008,-0.0015
2001-03-14,13.08,13.15,13.16,13.0,2640.0,星期三,-0.0023,0.0054
2001-03-13,13.36,13.11,13.37,13.05,3526.0,星期二,0.0007,-0.0187
2001-03-12,13.25,13.35,13.49,13.2,7168.0,星期一,0.0038,0.0075
2001-03-09,13.08,13.2,13.4,12.9,9755.0,星期五,0.0062,0.0092
2001-03-08,12.75,13.0,13.14,12.75,2880.0,星期四,-0.0162,0.0196
2001-03-07,13.0,12.96,13.04,12.95,2644.0,星期三,0.0039,-0.0031
2001-03-06,12.92,12.95,12.95,12.8,2845.0,星期二,0.0008,0.0023
2001-03-05,13.05,12.91,13.05,12.9,3050.0,星期一,0.0,-0.0107
2001-03-02,12.95,13.05,13.06,12.93,2602.0,星期五,0.0023,0.0077
2001-03-01,13.0,12.92,13.0,12.9,1727.0,星期四,0.0,-0.0062
2001-02-28,13.1,13.0,13.13,12.99,1599.0,星期三,0.0008,-0.0076
2001-02-27,13.0,13.09,13.18,13.0,2762.0,星期二,0.0078,0.0069
2001-02-26,12.73,12.9,12.9,12.73,2275.0,星期一,-0.0016,0.0134
2001-02-23,12.7,12.75,12.85,12.61,2738.0,星期五,0.004,0.0039
2001-02-22,12.7,12.65,12.75,12.64,3769.0,星期四,-0.0055,-0.0039
2001-02-21,13.0,12.77,13.0,12.7,3224.0,星期三,-0.0008,-0.0177
2001-02-20,13.04,13.01,13.24,13.0,2981.0,星期二,0.0,-0.0023
2001-02-19,12.9,13.04,13.09,12.85,2141.0,星期一,0.0055,0.0109
2001-02-16,13.0,12.83,13.0,12.67,5465.0,星期五,0.0039,-0.0131
2001-02-15,13.08,12.95,13.11,12.95,3004.0,星期四,0.0,-0.0099
2001-02-14,13.06,13.08,13.1,13.0,2464.0,星期三,-0.0008,0.0015
2001-02-13,13.0,13.07,13.18,13.0,3030.0,星期二,0.0,0.0054
2001-02-12,13.18,13.0,13.2,12.9,6000.0,星期一,-0.0008,-0.0137
2001-02-09,13.01,13.19,13.32,13.01,5098.0,星期五,0.0,0.0138
2001-02-08,13.38,13.01,13.49,13.0,4201.0,星期四,0.0,-0.0277
2001-02-07,13.4,13.38,13.43,13.32,2668.0,星期三,-0.0015,-0.0015
2001-02-06,13.5,13.42,13.5,13.21,5253.0,星期二,-0.0037,-0.0059
2001-02-05,13.75,13.55,13.8,13.52,4763.0,星期一,0.0,-0.0145
2001-01-19,13.63,13.75,13.82,13.63,5805.0,星期五,0.0,0.0088
2001-01-18,13.7,13.63,13.71,13.61,7929.0,星期四,0.0029,-0.0051
2001-01-17,13.71,13.66,13.75,13.6,4167.0,星期三,-0.0007,-0.0036
2001-01-16,13.5,13.72,13.8,13.21,7139.0,星期二,-0.0343,0.0163
2001-01-12,14.1,13.98,14.1,13.93,7979.0,星期五,0.0,-0.0085
2001-01-11,14.28,14.1,14.3,14.08,6945.0,星期四,0.0,-0.0126
2001-01-10,14.1,14.28,14.4,14.1,7341.0,星期三,0.0007,0.0128
2001-01-09,14.02,14.09,14.18,13.92,8318.0,星期二,-0.0043,0.005
2001-01-08,14.3,14.08,14.33,14.0,10516.0,星期一,0.0007,-0.0154
2001-01-05,14.23,14.29,14.3,14.15,8596.0,星期五,-0.0049,0.0042
2001-01-04,14.5,14.3,14.55,14.28,10309.0,星期四,0.0014,-0.0138
2001-01-03,14.18,14.48,14.62,14.1,19050.0,星期三,0.0028,0.0212
2001-01-02,14.0,14.14,14.14,13.87,13476.0,星期二,-0.0021,0.01
2000-12-29,14.04,14.03,14.2,13.87,10466.0,星期五,-0.0168,-0.0007
2000-12-28,14.21,14.28,14.28,13.5,12558.0,星期四,-0.007,0.0049
2000-12-27,14.6,14.31,14.6,14.29,7237.0,星期三,0.0041,-0.0199
2000-12-26,14.55,14.54,14.6,14.4,10342.0,星期二,0.0,-0.0007
2000-12-25,14.27,14.55,14.6,14.27,15279.0,星期一,0.0,0.0196
2000-12-22,14.4,14.27,14.45,14.2,10052.0,星期五,0.0014,-0.009
2000-12-21,14.6,14.38,14.68,14.33,25699.0,星期四,0.0041,-0.0151
2000-12-20,13.81,14.54,14.78,13.71,40866.0,星期三,0.0007,0.0529
2000-12-19,13.9,13.8,13.95,13.77,5070.0,星期二,0.0072,-0.0072
2000-12-18,13.8,13.8,13.86,13.63,7142.0,星期一,-0.0058,0.0
2000-12-15,13.87,13.88,13.98,13.72,3717.0,星期五,0.0124,0.0007
2000-12-14,13.87,13.7,13.88,13.7,4079.0,星期四,0.0,-0.0123
2000-12-13,13.8,13.87,13.99,13.75,3818.0,星期三,0.0007,0.0051
2000-12-12,13.71,13.79,13.95,13.68,6476.0,星期二,0.0007,0.0058
2000-12-11,13.98,13.7,14.08,13.68,6661.0,星期一,0.0,-0.02
2000-12-08,13.9,13.98,14.19,13.9,4849.0,星期五,-0.0036,0.0058
2000-12-07,13.9,13.95,13.96,13.85,6479.0,星期四,-0.0014,0.0036
2000-12-06,14.15,13.92,14.29,13.9,7740.0,星期三,0.0,-0.0163
2000-12-05,14.33,14.15,14.36,14.15,5800.0,星期二,0.0,-0.0126
2000-12-04,13.9,14.33,14.4,13.9,14279.0,星期一,-0.0184,0.0309
2000-12-01,13.9,14.16,14.2,13.88,7327.0,星期五,0.0,0.0187
2000-11-30,14.08,13.9,14.2,13.9,5806.0,星期四,0.0014,-0.0128
2000-11-29,14.0,14.06,14.21,13.9,9053.0,星期三,0.0043,0.0043
2000-11-28,13.93,13.94,14.12,13.85,6232.0,星期二,0.0043,0.0007
2000-11-27,13.79,13.87,13.99,13.7,7987.0,星期一,-0.0007,0.0058
2000-11-24,14.3,13.8,14.38,13.6,17085.0,星期五,-0.0021,-0.035
2000-11-23,14.32,14.33,14.44,14.28,14324.0,星期四,0.0014,0.0007
2000-11-22,14.06,14.3,14.38,14.02,11582.0,星期三,0.0007,0.0171
2000-11-21,14.1,14.05,14.22,14.01,10202.0,星期二,-0.0007,-0.0035
2000-11-20,14.29,14.11,14.3,14.0,11602.0,星期一,0.0,-0.0126
2000-11-17,14.38,14.29,14.5,14.23,14493.0,星期五,0.0014,-0.0063
2000-11-16,14.31,14.36,14.4,14.3,13791.0,星期四,0.0007,0.0035
2000-11-15,14.25,14.3,14.48,14.2,18086.0,星期三,0.0007,0.0035
2000-11-14,14.29,14.24,14.3,14.01,15495.0,星期二,-0.0007,-0.0035
2000-11-13,14.38,14.3,14.43,14.18,19870.0,星期一,0.007,-0.0056
2000-11-10,14.0,14.28,14.45,13.98,38134.0,星期五,0.005,0.02
2000-11-09,13.8,13.93,13.96,13.75,10059.0,星期四,0.0051,0.0094
2000-11-08,13.58,13.73,13.8,13.56,4700.0,星期三,0.0007,0.011
2000-11-07,13.6,13.57,13.65,13.51,5244.0,星期二,0.0015,-0.0022
2000-11-06,13.57,13.58,13.68,13.5,5548.0,星期一,-0.0007,0.0007
2000-11-03,13.7,13.58,13.8,13.5,6198.0,星期五,-0.0036,-0.0088
2000-11-02,13.7,13.75,13.9,13.7,6008.0,星期四,0.0007,0.0036
2000-11-01,13.6,13.69,13.7,13.58,4694.0,星期三,0.0015,0.0066
2000-10-31,13.8,13.58,13.8,13.51,4405.0,星期二,0.0169,-0.0159
2000-10-30,13.79,13.57,13.79,13.5,9643.0,星期一,-0.0007,-0.016
2000-10-27,13.66,13.8,13.9,13.65,5890.0,星期五,-0.0007,0.0102
2000-10-26,13.9,13.67,13.98,13.65,7167.0,星期四,0.0,-0.0165
2000-10-25,13.85,13.9,14.08,13.8,10722.0,星期三,-0.0022,0.0036
2000-10-24,14.0,13.88,14.07,13.75,8435.0,星期二,0.0,-0.0086
2000-10-23,14.1,14.0,14.17,13.9,14877.0,星期一,0.0036,-0.0071
2000-10-20,13.42,14.05,14.14,13.41,28933.0,星期五,-0.0037,0.0469
2000-10-19,13.6,13.47,13.7,13.46,5476.0,星期四,0.0059,-0.0096
2000-10-18,13.48,13.52,13.68,13.48,5483.0,星期三,0.0037,0.003
2000-10-17,13.32,13.43,13.58,13.28,3892.0,星期二,0.0,0.0083
2000-10-16,13.51,13.32,13.51,13.3,5570.0,星期一,0.0022,-0.0141
2000-10-13,13.4,13.48,13.75,13.4,8453.0,星期五,0.0,0.006
2000-10-12,13.5,13.4,13.56,13.3,18512.0,星期四,-0.0059,-0.0074
2000-10-11,13.85,13.58,13.85,13.55,8177.0,星期三,0.0036,-0.0195
2000-10-10,13.6,13.8,13.83,13.55,6616.0,星期二,0.0015,0.0147
2000-10-09,13.6,13.58,13.78,13.45,6214.0,星期一,-0.0051,-0.0015
2000-09-29,13.55,13.67,13.78,13.52,4980.0,星期五,0.0,0.0089
2000-09-28,13.9,13.55,13.93,13.45,11117.0,星期四,-0.0022,-0.0252
2000-09-27,13.7,13.93,13.99,13.7,5626.0,星期三,-0.0065,0.0168
2000-09-26,13.68,13.79,13.9,13.68,5321.0,星期二,0.0022,0.008
2000-09-25,13.6,13.65,13.89,13.51,5098.0,星期一,0.0,0.0037
2000-09-22,13.55,13.6,13.73,13.45,6922.0,星期五,-0.0037,0.0037
2000-09-21,13.85,13.6,13.95,13.58,7439.0,星期四,0.0007,-0.0181
2000-09-20,13.88,13.84,13.99,13.54,9580.0,星期三,-0.0007,-0.0029
2000-09-19,13.68,13.89,13.9,13.42,16666.0,星期二,-0.008,0.0154
2000-09-18,14.28,13.79,14.5,13.77,16381.0,星期一,-0.0007,-0.0343
2000-09-15,14.4,14.29,14.63,14.2,20113.0,星期五,0.0014,-0.0076
2000-09-14,14.8,14.38,14.94,14.3,31358.0,星期四,0.0,-0.0284
2000-09-13,14.8,14.8,15.17,14.61,97588.0,星期三,0.0014,0.0
2000-09-12,13.65,14.78,14.99,13.64,72360.0,星期二,0.0,0.0828
2000-09-11,13.48,13.65,13.69,13.3,15768.0,星期一,-0.003,0.0126
2000-09-08,13.45,13.52,13.6,13.3,12583.0,星期五,0.0037,0.0052
2000-09-07,13.3,13.4,13.59,13.3,12224.0,星期四,0.0015,0.0075
2000-09-06,13.3,13.28,13.57,13.2,21701.0,星期三,-0.0075,-0.0015
2000-09-05,13.78,13.4,14.07,13.35,55573.0,星期二,0.0,-0.0276
2000-09-04,13.98,13.78,14.29,13.5,110527.0,星期一,-0.068,-0.0143
2000-09-01,14.6,15.0,15.0,14.41,16951.0,星期五,-0.0082,0.0274
2000-08-31,14.8,14.72,15.2,14.6,11786.0,星期四,-0.0067,-0.0054
2000-08-30,15.2,14.9,15.22,14.85,11415.0,星期三,0.0053,-0.0197
2000-08-29,15.21,15.12,15.24,15.05,8126.0,星期二,0.0007,-0.0059
2000-08-28,15.3,15.2,15.38,15.1,9776.0,星期一,0.0013,-0.0065
2000-08-25,15.0,15.28,15.36,14.95,13909.0,星期五,0.004,0.0187
2000-08-24,14.8,14.94,14.98,14.7,12830.0,星期四,0.0068,0.0095
2000-08-23,14.8,14.7,14.98,14.2,31204.0,星期三,-0.0034,-0.0068
2000-08-22,15.15,14.85,15.2,14.82,15706.0,星期二,-0.0046,-0.0198
2000-08-21,15.25,15.22,15.39,15.1,14003.0,星期一,0.0,-0.002
2000-08-18,15.1,15.25,15.5,14.8,25557.0,星期五,-0.0046,0.0099
2000-08-17,15.8,15.17,15.8,15.16,16226.0,星期四,0.0154,-0.0399
2000-08-16,15.75,15.56,15.84,15.55,18069.0,星期三,0.0006,-0.0121
2000-08-15,15.95,15.74,16.0,15.6,22522.0,星期二,0.0031,-0.0132
2000-08-14,15.85,15.9,15.99,15.5,45379.0,星期一,0.0057,0.0032
2000-08-11,15.6,15.76,16.2,15.59,130673.0,星期五,0.0013,0.0103
2000-08-10,14.49,15.58,15.75,14.45,127632.0,星期四,0.0049,0.0752
2000-08-09,14.34,14.42,14.47,14.18,17644.0,星期三,0.0,0.0056
2000-08-08,14.51,14.34,14.55,14.06,16554.0,星期二,0.0055,-0.0117
2000-08-07,14.2,14.43,14.49,14.2,30969.0,星期一,0.0028,0.0162
2000-08-04,13.9,14.16,14.4,13.86,39452.0,星期五,0.0029,0.0187
2000-08-03,14.0,13.86,14.05,13.83,9600.0,星期四,0.0014,-0.01
2000-08-02,14.15,13.98,14.2,13.9,13031.0,星期三,0.0035,-0.012
2000-08-01,13.9,14.1,14.19,13.9,26592.0,星期二,0.0036,0.0144
2000-07-31,13.72,13.85,13.9,13.7,11756.0,星期一,-0.0051,0.0095
2000-07-28,13.71,13.79,13.96,13.68,11398.0,星期五,0.0015,0.0058
2000-07-27,13.79,13.69,13.88,13.68,7306.0,星期四,0.0015,-0.0073
2000-07-26,13.5,13.77,13.9,13.48,5141.0,星期三,0.0022,0.02
2000-07-25,13.54,13.47,13.54,13.4,4542.0,星期二,0.0,-0.0052
2000-07-24,13.7,13.54,13.8,13.5,5906.0,星期一,0.0,-0.0117
2000-07-21,13.65,13.7,13.9,13.62,6599.0,星期五,0.0,0.0037
2000-07-20,13.78,13.65,13.79,13.6,7695.0,星期四,0.0,-0.0094
2000-07-19,14.0,13.78,14.08,13.7,8725.0,星期三,0.0029,-0.0157
2000-07-18,13.96,13.96,14.1,13.54,11561.0,星期二,0.0007,0.0
2000-07-17,13.75,13.95,14.16,13.74,34182.0,星期一,0.0007,0.0145
2000-07-14,13.71,13.74,13.95,13.65,23143.0,星期五,0.0029,0.0022
2000-07-13,13.38,13.67,13.7,13.28,19524.0,星期四,0.0007,0.0217
2000-07-12,13.5,13.37,13.57,13.3,8490.0,星期三,0.0067,-0.0096
2000-07-11,13.15,13.41,13.47,13.15,10729.0,星期二,-0.0038,0.0198
2000-07-10,13.42,13.2,13.42,13.13,9487.0,星期一,0.0,-0.0164
2000-07-07,13.22,13.42,13.45,13.18,5802.0,星期五,0.0,0.0151
2000-07-06,13.15,13.22,13.31,13.15,5725.0,星期四,-0.0053,0.0053
2000-07-05,13.18,13.22,13.46,13.1,8809.0,星期三,-0.0075,0.003
2000-07-04,13.3,13.28,13.3,13.1,7403.0,星期二,-0.0023,-0.0015
2000-07-03,13.6,13.33,13.6,13.3,10937.0,星期一,-0.0029,-0.0199
2000-06-30,13.75,13.64,13.8,13.6,10619.0,星期五,0.0015,-0.008
2000-06-29,13.9,13.73,13.95,13.65,12618.0,星期四,0.0,-0.0122
2000-06-28,14.18,13.9,14.18,13.89,15510.0,星期三,0.0085,-0.0197
2000-06-27,14.25,14.06,14.35,14.0,19682.0,星期二,0.0035,-0.0133
2000-06-26,14.0,14.2,14.51,14.0,47448.0,星期一,0.0057,0.0143
2000-06-23,13.9,13.92,13.99,13.73,20732.0,星期五,0.0058,0.0014
2000-06-22,13.6,13.82,13.88,13.56,24110.0,星期四,0.0022,0.0162
2000-06-21,13.5,13.57,13.7,13.3,17353.0,星期三,0.0007,0.0052
2000-06-20,13.18,13.49,14.05,13.1,43424.0,星期二,-0.3748,0.0235
2000-06-19,21.31,21.08,21.5,21.0,11633.0,星期一,0.0009,-0.0108
2000-06-16,21.63,21.29,21.68,21.25,10625.0,星期五,0.0014,-0.0157
2000-06-15,21.68,21.6,21.77,21.56,10611.0,星期四,0.0051,-0.0037
2000-06-14,21.5,21.57,21.8,21.4,14621.0,星期三,0.0132,0.0033
2000-06-13,21.58,21.22,21.65,20.98,6165.0,星期二,0.0037,-0.0167
2000-06-12,20.9,21.5,21.95,20.51,13248.0,星期一,-0.0048,0.0287
2000-06-08,21.51,21.0,21.58,20.78,11346.0,星期四,0.0033,-0.0237
2000-06-07,21.65,21.44,21.78,21.31,11831.0,星期三,0.0093,-0.0097
2000-06-06,21.3,21.45,21.49,21.05,13884.0,星期二,0.0071,0.007
2000-06-05,20.75,21.15,21.48,20.6,18103.0,星期一,0.0039,0.0193
2000-06-02,20.68,20.67,20.77,20.5,8453.0,星期五,0.0005,-0.0005
2000-06-01,20.68,20.67,20.89,20.6,6920.0,星期四,0.0029,-0.0005
2000-05-31,20.65,20.62,20.8,20.55,8920.0,星期三,0.0,-0.0015
2000-05-30,20.5,20.65,21.1,20.44,17319.0,星期二,0.0005,0.0073
2000-05-29,20.6,20.49,20.63,20.39,12576.0,星期一,0.0,-0.0053
2000-05-26,20.68,20.6,20.7,20.25,13429.0,星期五,0.0049,-0.0039
2000-05-25,20.5,20.58,20.6,20.32,11531.0,星期四,0.0099,0.0039
2000-05-24,20.12,20.3,20.48,19.9,15860.0,星期三,0.001,0.0089
2000-05-23,20.5,20.1,20.55,19.97,14232.0,星期二,0.0099,-0.0195
2000-05-22,20.25,20.3,20.5,19.9,15082.0,星期一,0.006,0.0025
2000-05-19,19.7,20.13,20.25,19.61,20826.0,星期五,-0.004,0.0218
2000-05-18,19.09,19.78,19.78,19.09,10732.0,星期四,0.0,0.0361
2000-05-17,19.31,19.09,19.41,19.08,6490.0,星期三,0.0031,-0.0114
2000-05-16,19.14,19.25,19.33,19.09,5778.0,星期二,0.0079,0.0057
2000-05-15,19.0,18.99,19.2,18.7,7053.0,星期一,0.0,-0.0005
2000-05-12,18.8,19.0,19.25,18.7,14601.0,星期五,0.0032,0.0106
2000-05-11,19.3,18.74,19.5,18.65,24029.0,星期四,-0.0052,-0.029
2000-05-10,20.5,19.4,20.58,19.38,25124.0,星期三,0.0005,-0.0537
2000-05-09,20.49,20.49,20.9,20.15,26885.0,星期二,0.0049,0.0
2000-05-08,21.1,20.39,21.15,20.1,57042.0,星期一,0.0048,-0.0336
2000-04-28,21.52,21.0,22.0,20.66,97857.0,星期五,-0.0196,-0.0242
2000-04-27,23.0,21.95,23.0,21.15,69420.0,星期四,-0.0213,-0.0457
2000-04-26,23.5,23.5,25.23,22.43,97250.0,星期三,-0.0486,0.0
2000-04-25,26.8,24.7,28.5,23.96,114941.0,星期二,0.0068,-0.0784
2000-04-24,24.4,26.62,26.62,24.4,71675.0,星期一,0.0083,0.091
2000-04-21,21.88,24.2,24.2,21.88,76409.0,星期五,-0.0055,0.106
2000-04-20,21.66,22.0,22.2,21.6,10558.0,星期四,-0.0041,0.0157
2000-04-19,21.62,21.75,22.0,21.6,8550.0,星期三,-0.0032,0.006
2000-04-18,21.2,21.69,21.94,21.18,13101.0,星期二,-0.0158,0.0231
2000-04-17,22.35,21.54,22.38,21.1,16192.0,星期一,0.0004,-0.0362
2000-04-14,23.0,22.34,23.35,21.8,41194.0,星期五,0.0004,-0.0287
2000-04-13,21.4,22.99,23.0,21.31,55601.0,星期四,0.0056,0.0743
2000-04-12,21.3,21.28,21.4,21.02,8793.0,星期三,0.0009,-0.0009
2000-04-11,21.37,21.28,21.5,21.16,8494.0,星期二,-0.0042,-0.0042
2000-04-10,21.01,21.46,21.46,21.01,14083.0,星期一,-0.008,0.0214
2000-04-07,20.8,21.18,21.2,20.8,8072.0,星期五,-0.0048,0.0183
2000-04-06,20.78,20.9,21.05,20.71,8861.0,星期四,-0.0048,0.0058
2000-04-05,20.65,20.88,21.04,20.6,8241.0,星期三,-0.012,0.0111
2000-04-04,20.0,20.9,21.1,19.98,16065.0,星期二,-0.0333,0.045
2000-04-03,20.8,20.69,21.0,20.31,10913.0,星期一,-0.0038,-0.0053
2000-03-31,20.8,20.88,20.88,19.88,19334.0,星期五,0.0,0.0038
2000-03-30,21.35,20.8,21.35,20.49,31506.0,星期四,-0.0023,-0.0258
2000-03-29,21.5,21.4,21.64,20.99,17317.0,星期三,-0.0138,-0.0047
2000-03-28,21.5,21.8,21.88,20.99,23825.0,星期二,-0.0487,0.014
2000-03-27,21.0,22.6,22.6,20.5,8558.0,星期一,-0.0141,0.0762
2000-03-24,21.5,21.3,21.85,21.02,6137.0,星期五,0.0047,-0.0093
2000-03-23,21.69,21.4,21.96,21.0,8229.0,星期四,0.0,-0.0134
2000-03-22,21.16,21.69,21.74,20.8,8094.0,星期三,0.0005,0.025
2000-03-21,21.0,21.15,21.4,20.6,9851.0,星期二,-0.0024,0.0071
2000-03-20,21.0,21.05,22.15,20.31,11607.0,星期一,-0.0099,0.0024
2000-03-17,23.0,21.21,23.0,21.21,8964.0,星期五,0.0708,-0.0778
2000-03-16,22.48,21.48,22.48,20.32,7920.0,星期四,-0.0044,-0.0445
2000-03-15,23.01,22.58,23.2,21.5,18747.0,星期三,-0.0158,-0.0187
2000-03-14,24.53,23.38,24.53,22.75,14504.0,星期二,-0.0297,-0.0469
2000-03-13,23.4,25.28,25.3,23.4,30373.0,星期一,0.0039,0.0803
2000-03-10,23.6,23.31,23.8,23.01,3230.0,星期五,0.0085,-0.0123
2000-03-09,23.58,23.4,24.0,23.2,7920.0,星期四,0.0081,-0.0076
2000-03-08,22.8,23.39,23.7,22.68,6348.0,星期三,-0.0083,0.0259
2000-03-07,22.68,22.99,23.0,22.38,4980.0,星期二,-0.0139,0.0137
2000-03-06,23.58,23.0,24.0,22.31,10894.0,星期一,0.0086,-0.0246
2000-03-03,22.25,23.38,23.7,22.25,8773.0,星期五,-0.0487,0.0508
2000-03-02,22.48,23.39,23.4,22.4,9101.0,星期四,-0.0053,0.0405
2000-03-01,22.98,22.6,23.1,21.9,12842.0,星期三,0.0,-0.0165
2000-02-29,24.0,22.98,24.1,22.68,11274.0,星期二,0.0008,-0.0425
2000-02-28,23.4,23.98,24.15,22.8,20849.0,星期一,0.0009,0.0248
2000-02-25,24.58,23.38,24.58,22.77,33469.0,星期五,-0.0164,-0.0488
2000-02-24,22.98,24.99,24.99,22.8,48962.0,星期四,0.0,0.0875
2000-02-23,23.0,22.98,23.15,22.1,14066.0,星期三,-0.0125,-0.0009
2000-02-22,22.65,23.29,23.81,21.85,26581.0,星期二,0.0067,0.0283
2000-02-21,21.78,22.5,22.74,21.2,16570.0,星期一,-0.0095,0.0331
2000-02-18,22.0,21.99,22.0,20.5,8906.0,星期五,-0.009,-0.0005
2000-02-17,22.75,22.2,23.88,20.5,32987.0,星期四,0.0143,-0.0242
2000-02-16,22.5,22.43,23.1,21.76,22449.0,星期三,-0.0205,-0.0031
2000-02-15,23.0,22.97,24.45,22.12,47518.0,星期二,0.0168,-0.0013
2000-02-14,21.3,22.62,22.63,21.21,51032.0,星期一,0.035,0.062
2000-01-28,20.11,20.58,21.3,19.72,40655.0,星期五,0.0106,0.0234
2000-01-27,19.08,19.9,20.32,18.91,30712.0,星期四,0.0079,0.043
2000-01-26,17.95,18.93,18.95,17.52,14753.0,星期三,0.0045,0.0546
2000-01-25,17.8,17.87,18.27,17.72,4476.0,星期二,-0.016,0.0039
2000-01-24,18.33,18.09,18.48,17.6,5733.0,星期一,0.0206,-0.0131
2000-01-21,18.0,17.96,18.63,17.92,10333.0,星期五,0.0033,-0.0022
2000-01-20,17.82,17.94,18.25,17.8,6186.0,星期四,-0.0045,0.0067
2000-01-19,17.38,17.9,18.04,17.38,1973.0,星期三,-0.017,0.0299
2000-01-18,17.8,17.68,17.8,17.42,1888.0,星期二,0.0056,-0.0067
2000-01-17,17.88,17.7,17.88,17.51,1057.0,星期一,0.0045,-0.0101
2000-01-14,17.68,17.8,18.0,17.51,1668.0,星期五,-0.0067,0.0068
2000-01-13,18.0,17.8,18.2,17.4,3216.0,星期四,0.0,-0.0111
2000-01-12,18.6,18.0,18.7,17.7,4527.0,星期三,-0.0037,-0.0323
2000-01-11,19.68,18.67,19.68,18.3,8369.0,星期二,0.0051,-0.0513
2000-01-10,19.38,19.58,19.9,18.9,28018.0,星期一,0.0397,0.0103
2000-01-07,18.25,18.64,18.7,18.1,15009.0,星期五,0.0027,0.0214
2000-01-06,18.0,18.2,18.3,17.65,5678.0,星期四,0.0,0.0111
2000-01-05,18.3,18.0,18.32,17.88,7201.0,星期三,0.0,-0.0164
2000-01-04,17.91,18.3,18.3,17.7,6200.0,星期二,-0.005,0.0218
1999-12-30,17.65,18.0,18.2,17.5,5437.0,星期四,0.0074,0.0198
1999-12-29,17.5,17.52,17.69,17.13,4427.0,星期三,-0.0046,0.0011
1999-12-28,17.78,17.58,17.78,17.45,1150.0,星期二,0.0,-0.0112
1999-12-27,17.6,17.78,17.9,17.48,17668.0,星期一,-0.0028,0.0102
1999-12-24,17.65,17.65,17.85,17.4,3906.0,星期五,-0.0011,0.0
1999-12-23,18.15,17.67,18.25,17.67,2297.0,星期四,-0.0071,-0.0264
1999-12-22,18.15,18.28,18.28,17.7,2808.0,星期三,-0.0017,0.0072
1999-12-21,18.0,18.18,18.55,17.65,13380.0,星期二,0.0,0.01
1999-12-17,17.86,18.0,18.2,17.63,6939.0,星期五,-0.0187,0.0078
1999-12-16,18.08,18.2,18.34,17.8,9951.0,星期四,0.0,0.0066
1999-12-15,17.18,18.08,18.38,17.18,14635.0,星期三,-0.0294,0.0524
1999-12-14,17.37,17.7,17.8,17.31,1062.0,星期二,-0.0339,0.019
1999-12-13,18.1,17.98,18.2,17.3,4304.0,星期一,0.0006,-0.0066
1999-12-10,17.4,18.09,18.09,16.6,5630.0,星期五,-0.0051,0.0397
1999-12-09,17.7,17.49,17.8,17.18,3032.0,星期四,-0.0045,-0.0119
1999-12-08,17.8,17.78,18.27,17.47,9898.0,星期三,0.0028,-0.0011
1999-12-07,17.0,17.75,17.9,17.0,5140.0,星期二,-0.0162,0.0441
1999-12-06,16.88,17.28,17.48,16.8,5776.0,星期一,0.0261,0.0237
1999-12-03,16.23,16.45,16.89,16.1,1405.0,星期五,0.0,0.0136
1999-12-02,16.2,16.23,16.46,16.2,1538.0,星期四,0.0,0.0019
1999-12-01,16.1,16.2,16.49,16.08,1316.0,星期三,0.0012,0.0062
1999-11-30,16.01,16.08,16.45,15.88,4122.0,星期二,-0.0031,0.0044
1999-11-29,16.7,16.06,16.98,16.0,4818.0,星期一,-0.006,-0.0383
1999-11-26,16.66,16.8,16.99,16.6,836.0,星期五,-0.0194,0.0084
1999-11-25,16.62,16.99,17.0,16.62,248.0,星期四,-0.0298,0.0223
1999-11-24,17.27,17.13,17.27,16.8,748.0,星期三,0.0,-0.0081
1999-11-23,17.3,17.27,17.4,16.95,1339.0,星期二,0.0017,-0.0017
1999-11-22,17.45,17.27,17.5,16.95,1068.0,星期一,-0.0102,-0.0103
1999-11-19,17.8,17.63,18.0,17.21,1334.0,星期五,0.0,-0.0096
1999-11-18,17.36,17.8,17.99,17.11,3511.0,星期四,-0.0006,0.0253
1999-11-17,16.55,17.37,17.37,16.55,1112.0,星期三,-0.0422,0.0495
1999-11-16,17.5,17.28,17.65,16.7,2221.0,星期二,0.0017,-0.0126
1999-11-15,17.25,17.47,17.55,16.9,4286.0,星期一,0.0029,0.0128
1999-11-12,16.3,17.2,17.2,16.25,7387.0,星期五,-0.0115,0.0552
1999-11-11,17.89,16.49,17.89,16.33,16976.0,星期四,0.0235,-0.0783
1999-11-10,17.6,17.48,17.6,17.1,2204.0,星期三,-0.0056,-0.0068
1999-11-09,17.68,17.7,18.22,17.59,1140.0,星期二,-0.0156,0.0011
1999-11-08,17.99,17.96,18.0,17.58,1223.0,星期一,-0.0061,-0.0017
1999-11-05,18.18,18.1,18.18,17.8,3643.0,星期五,-0.0098,-0.0044
1999-11-04,18.6,18.36,18.6,17.9,8288.0,星期四,0.0,-0.0129
1999-11-03,18.3,18.6,18.7,18.3,14561.0,星期三,0.0011,0.0164
1999-11-02,17.64,18.28,18.29,17.63,19565.0,星期二,0.0023,0.0363
1999-11-01,17.7,17.6,17.8,17.3,1770.0,星期一,-0.0056,-0.0056
1999-10-29,17.98,17.8,17.98,17.5,1849.0,星期五,0.0028,-0.01
1999-10-28,18.2,17.93,18.25,17.6,2779.0,星期四,-0.0022,-0.0148
1999-10-27,17.48,18.24,18.32,17.48,13653.0,星期三,-0.013,0.0435
1999-10-26,17.45,17.71,17.86,17.4,4017.0,星期二,-0.0113,0.0149
1999-10-25,17.09,17.65,17.84,17.09,1493.0,星期一,-0.05,0.0328
1999-10-22,17.2,17.99,18.2,17.15,6066.0,星期五,-0.0166,0.0459
1999-10-21,17.35,17.49,17.49,17.2,793.0,星期四,-0.0187,0.0081
1999-10-20,17.06,17.68,17.75,17.06,2683.0,星期三,-0.024,0.0363
1999-10-19,17.4,17.48,17.48,17.08,1903.0,星期二,-0.0203,0.0046
1999-10-18,17.91,17.76,17.94,17.02,2598.0,星期一,-0.005,-0.0084
1999-10-15,17.8,18.0,18.1,17.6,3838.0,星期五,0.0006,0.0112
1999-10-14,17.8,17.79,18.2,17.4,2653.0,星期四,-0.0045,-0.0006
1999-10-13,18.03,17.88,18.11,17.58,1828.0,星期三,0.0011,-0.0083
1999-10-12,18.28,18.01,18.28,17.54,1689.0,星期二,0.0156,-0.0148
1999-10-11,17.02,18.0,18.49,17.02,2927.0,星期一,-0.0623,0.0576
1999-10-08,18.0,18.15,18.6,17.8,2776.0,星期五,-0.0254,0.0083
1999-09-30,17.02,18.47,18.5,17.02,9596.0,星期四,-0.079,0.0852
1999-09-29,18.4,18.48,18.66,18.2,5252.0,星期三,-0.0027,0.0043
1999-09-28,18.5,18.45,18.7,18.21,4869.0,星期二,0.0005,-0.0027
1999-09-27,18.65,18.49,18.65,18.1,4492.0,星期一,-0.008,-0.0086
1999-09-24,18.45,18.8,18.8,18.31,5912.0,星期五,-0.0022,0.019
1999-09-23,18.35,18.49,18.8,18.08,7607.0,星期四,-0.0054,0.0076
1999-09-22,18.85,18.45,18.85,18.11,10345.0,星期三,0.0021,-0.0212
1999-09-21,19.55,18.81,19.58,18.41,11217.0,星期二,-0.0061,-0.0379
1999-09-20,19.5,19.67,19.75,19.5,14990.0,星期一,-0.0112,0.0087
1999-09-17,19.95,19.72,19.98,19.2,17767.0,星期五,0.0015,-0.0115
1999-09-16,19.5,19.92,19.92,19.2,26031.0,星期四,-0.0041,0.0215
1999-09-15,19.28,19.58,19.58,19.21,25973.0,星期三,-0.001,0.0156
1999-09-14,19.28,19.3,19.59,18.98,27066.0,星期二,0.0063,0.001
1999-09-13,19.88,19.16,19.88,19.1,26876.0,星期一,0.0051,-0.0362
1999-09-10,19.8,19.78,20.4,19.4,61271.0,星期五,-0.004,-0.001
1999-09-09,18.6,19.88,19.89,18.6,73420.0,星期四,0.0065,0.0688
1999-09-08,17.97,18.48,18.5,17.89,42469.0,星期三,0.0062,0.0284
1999-09-07,17.87,17.86,18.28,17.51,24469.0,星期二,-0.0006,-0.0006
1999-09-06,17.05,17.88,18.0,16.8,38018.0,星期一,-0.0145,0.0487
1999-09-03,17.85,17.3,17.85,17.01,21788.0,星期五,0.0034,-0.0308
1999-09-02,16.98,17.79,18.0,16.3,28525.0,星期四,0.0047,0.0477
1999-09-01,17.49,16.9,17.75,16.7,16939.0,星期三,0.0063,-0.0337
1999-08-31,17.95,17.38,17.95,16.89,32857.0,星期二,-0.0028,-0.0318
1999-08-30,17.45,18.0,18.2,17.45,55441.0,星期一,0.0035,0.0315
1999-08-27,16.66,17.39,17.48,16.66,47939.0,星期五,-0.0095,0.0438
1999-08-26,16.3,16.82,16.95,16.01,34251.0,星期四,-0.0091,0.0319
1999-08-25,16.52,16.45,17.1,16.3,47229.0,星期三,0.0,-0.0042
1999-08-24,16.6,16.52,16.78,16.2,38932.0,星期二,0.0036,-0.0048
1999-08-23,15.78,16.54,16.6,15.73,63919.0,星期一,0.0115,0.0482
1999-08-20,14.97,15.6,15.65,14.95,50014.0,星期五,0.0047,0.0421
1999-08-19,14.69,14.9,15.25,14.48,37876.0,星期四,0.0069,0.0143
1999-08-18,14.4,14.59,14.7,14.06,22649.0,星期三,-0.0055,0.0132
1999-08-17,13.48,14.48,14.95,13.48,52960.0,星期二,-0.0132,0.0742
1999-08-16,13.41,13.66,13.7,13.41,6504.0,星期一,-0.0081,0.0186
1999-08-13,13.16,13.52,13.8,13.16,3828.0,星期五,-0.0142,0.0274
1999-08-12,13.28,13.35,13.55,13.28,3540.0,星期四,-0.003,0.0053
1999-08-11,13.4,13.32,13.51,13.28,4058.0,星期三,-0.0045,-0.006
1999-08-10,13.6,13.46,13.6,13.32,4763.0,星期二,-0.0007,-0.0103
1999-08-09,13.78,13.61,13.78,13.52,5296.0,星期一,0.0,-0.0123
1999-08-06,13.5,13.78,13.93,13.27,12496.0,星期五,-0.0015,0.0207
1999-08-05,13.75,13.52,13.75,13.4,12375.0,星期四,0.0036,-0.0167
1999-08-04,13.52,13.7,13.84,13.21,20872.0,星期三,-0.0007,0.0133
1999-08-03,13.97,13.53,14.0,13.08,23480.0,星期二,-0.0278,-0.0315
1999-08-02,14.2,14.37,14.5,14.12,12456.0,星期一,0.0201,0.012
1999-07-30,13.95,13.92,14.1,13.8,4210.0,星期五,0.0,-0.0022
1999-07-29,14.3,13.95,14.3,13.88,4875.0,星期四,0.0192,-0.0245
1999-07-28,14.01,14.03,14.4,13.91,6110.0,星期三,0.0079,0.0014
1999-07-27,14.0,13.9,14.35,13.8,6801.0,星期二,0.0036,-0.0071
1999-07-26,13.9,13.95,14.09,13.7,6140.0,星期一,0.0,0.0036
1999-07-23,13.6,13.9,14.5,13.56,16067.0,星期五,-0.0015,0.0221
1999-07-22,14.4,13.62,14.4,13.58,17395.0,星期四,-0.011,-0.0542
1999-07-21,14.18,14.56,15.18,14.12,42566.0,星期三,0.0143,0.0268
1999-07-20,12.62,13.98,14.05,12.6,20724.0,星期二,-0.0133,0.1078
1999-07-19,13.0,12.79,13.1,12.5,7729.0,星期一,-0.0189,-0.0162
1999-07-16,13.61,13.25,13.65,13.17,10768.0,星期五,-0.0029,-0.0265
1999-07-15,13.55,13.65,14.1,13.2,14266.0,星期四,0.0074,0.0074
1999-07-14,13.05,13.45,13.69,13.05,8023.0,星期三,0.0,0.0307
1999-07-13,13.2,13.05,13.28,12.88,11712.0,星期二,-0.033,-0.0114
1999-07-12,14.45,13.65,14.5,13.48,15628.0,星期一,-0.0055,-0.0554
1999-07-09,14.2,14.53,14.62,13.7,23482.0,星期五,-0.0007,0.0232
1999-07-08,14.0,14.21,14.8,14.0,44383.0,星期四,0.0219,0.015
1999-07-07,12.4,13.7,13.7,12.28,32795.0,星期三,-0.004,0.1048
1999-07-06,12.3,12.45,13.0,11.83,21649.0,星期二,-0.0632,0.0122
1999-07-05,13.29,13.13,13.99,13.13,17970.0,星期一,-0.0891,-0.012
1999-07-02,13.8,14.59,14.98,13.7,47934.0,星期五,-0.0933,0.0572
1999-07-01,16.5,15.22,16.5,15.22,16263.0,星期四,-0.0242,-0.0776
1999-06-30,18.56,16.91,18.6,16.7,29394.0,星期三,0.0005,-0.0889
1999-06-29,17.3,18.55,18.55,17.21,60842.0,星期二,0.0261,0.0723
1999-06-28,15.5,16.86,16.86,15.5,70045.0,星期一,0.0111,0.0877
1999-06-25,14.8,15.33,16.06,14.8,77045.0,星期五,0.0137,0.0358
1999-06-24,14.0,14.6,14.68,14.0,52722.0,星期四,0.0014,0.0429
1999-06-23,13.73,13.98,14.3,13.5,37227.0,星期三,-0.0015,0.0182
1999-06-22,13.9,13.75,13.9,13.38,26955.0,星期二,-0.0014,-0.0108
1999-06-21,13.75,13.92,14.0,13.15,44392.0,星期一,0.0,0.0124
1999-06-18,14.1,13.75,14.5,13.43,115864.0,星期五,0.0499,-0.0248
1999-06-17,12.85,13.43,13.43,12.71,46873.0,星期四,0.0524,0.0451
1999-06-16,11.21,12.21,12.21,11.21,80932.0,星期三,0.0099,0.0892
1999-06-15,11.88,11.1,12.0,11.0,39573.0,星期二,0.0241,-0.0657
1999-06-14,11.18,11.6,11.66,10.97,28149.0,星期一,0.0,0.0376
1999-06-11,11.35,11.18,11.35,10.96,25496.0,星期五,0.0,-0.015
1999-06-10,11.57,11.35,11.7,11.2,24673.0,星期四,0.0078,-0.019
1999-06-09,11.18,11.48,11.65,11.15,30576.0,星期三,0.0,0.0268
1999-06-08,11.4,11.18,11.45,10.91,38119.0,星期二,0.0097,-0.0193
1999-06-07,10.98,11.29,11.68,10.8,96047.0,星期一,0.0204,0.0282
1999-06-04,9.8,10.76,10.76,9.8,74142.0,星期五,0.002,0.098
1999-06-03,9.5,9.78,9.9,9.36,22551.0,星期四,-0.0042,0.0295
1999-06-02,10.01,9.54,10.2,9.5,34589.0,星期三,0.001,-0.047
1999-06-01,10.38,10.0,10.49,9.9,35507.0,星期二,-0.3255,-0.0366
1999-05-31,14.6,15.39,15.65,14.6,35675.0,星期一,0.009,0.0541
1999-05-28,14.55,14.47,14.6,14.06,15049.0,星期五,0.0,-0.0055
1999-05-27,14.29,14.55,14.8,14.29,22747.0,星期四,0.0078,0.0182
1999-05-26,14.27,14.18,14.5,13.7,14480.0,星期三,0.0149,-0.0063
1999-05-24,13.69,14.06,14.5,13.43,29151.0,星期一,0.0156,0.027
1999-05-21,13.0,13.48,13.5,12.9,15812.0,星期五,0.0101,0.0369
1999-05-20,12.5,12.87,12.92,12.46,7644.0,星期四,0.0097,0.0296
1999-05-19,11.69,12.38,12.38,11.65,6524.0,星期三,0.0009,0.059
1999-05-18,11.81,11.68,11.86,11.56,1668.0,星期二,0.006,-0.011
1999-05-17,11.85,11.74,11.9,11.4,1671.0,星期一,-0.01,-0.0093
1999-05-14,12.11,11.97,12.24,11.95,2705.0,星期五,-0.0218,-0.0116
1999-05-13,12.5,12.38,12.5,12.12,3560.0,星期四,0.0,-0.0096
1999-05-12,12.8,12.5,12.85,12.38,2507.0,星期三,0.0127,-0.0234
1999-05-11,12.35,12.64,12.69,12.35,1408.0,星期二,0.0041,0.0235
1999-05-10,12.8,12.3,12.8,12.1,3563.0,星期一,-0.0039,-0.0391
1999-05-07,13.28,12.85,13.29,12.75,1159.0,星期五,0.0107,-0.0324
1999-05-06,13.0,13.14,13.38,12.94,4972.0,星期四,0.0054,0.0108
1999-05-05,12.75,12.93,13.0,12.59,1029.0,星期三,0.0,0.0141
1999-05-04,12.98,12.75,12.98,12.7,716.0,星期二,0.0015,-0.0177
1999-04-30,13.0,12.96,13.0,12.82,910.0,星期五,0.0039,-0.0031
1999-04-29,12.8,12.95,12.95,12.5,1603.0,星期四,0.0159,0.0117
1999-04-28,12.35,12.6,13.28,12.35,4200.0,星期三,0.0008,0.0202
1999-04-27,12.51,12.34,12.51,12.3,1453.0,星期二,-0.0032,-0.0136
1999-04-26,12.8,12.55,12.95,12.5,2627.0,星期一,-0.007,-0.0195
1999-04-23,12.9,12.89,13.0,12.87,1419.0,星期五,0.0016,-0.0008
1999-04-22,13.0,12.88,13.03,12.5,3896.0,星期四,0.0093,-0.0092
1999-04-21,13.2,12.88,13.28,12.82,2247.0,星期三,-0.0038,-0.0242
1999-04-20,13.11,13.25,13.29,13.08,1328.0,星期二,-0.0046,0.0107
1999-04-19,13.0,13.17,13.3,12.92,1935.0,星期一,-0.0031,0.0131
1999-04-16,12.8,13.04,13.21,12.8,1858.0,星期五,-0.0296,0.0187
1999-04-15,13.35,13.19,13.4,13.16,2107.0,星期四,0.0015,-0.012
1999-04-14,13.18,13.33,13.65,13.18,2800.0,星期三,0.0,0.0114
1999-04-13,13.16,13.18,13.38,13.1,3098.0,星期二,-0.0098,0.0015
1999-04-12,13.6,13.29,13.85,13.1,4847.0,星期一,0.0015,-0.0228
1999-04-09,13.33,13.58,13.6,13.21,5201.0,星期五,-0.0015,0.0188
1999-04-08,13.38,13.35,13.55,13.2,4859.0,星期四,0.0,-0.0022
1999-04-07,13.58,13.38,13.98,13.38,9080.0,星期三,-0.0015,-0.0147
1999-04-06,13.31,13.6,13.6,13.28,6471.0,星期二,0.0008,0.0218
1999-04-05,13.38,13.3,13.58,13.29,8156.0,星期一,0.009,-0.006
1999-04-02,12.85,13.26,13.26,12.7,9075.0,星期五,0.0134,0.0319
1999-04-01,12.48,12.68,12.81,12.42,3654.0,星期四,-0.0016,0.016
1999-03-31,12.3,12.5,12.63,12.28,2249.0,星期三,0.0016,0.0163
1999-03-30,12.33,12.28,12.52,12.28,1792.0,星期二,-0.0024,-0.0041
1999-03-29,12.5,12.36,12.5,12.27,2787.0,星期一,0.0,-0.0112
1999-03-26,12.5,12.5,12.6,12.39,1432.0,星期五,0.0,0.0
1999-03-25,12.62,12.5,12.66,12.45,1629.0,星期四,-0.0047,-0.0095
1999-03-24,12.8,12.68,12.84,12.61,2192.0,星期三,0.0071,-0.0094
1999-03-23,12.74,12.71,12.74,12.59,1396.0,星期二,0.0,-0.0024
1999-03-22,12.7,12.74,12.95,12.5,3375.0,星期一,0.0,0.0031
1999-03-19,12.35,12.7,12.7,12.26,3174.0,星期五,0.0,0.0283
1999-03-18,12.56,12.35,12.56,12.31,2585.0,星期四,-0.0016,-0.0167
1999-03-17,12.69,12.58,12.89,12.58,1973.0,星期三,0.0,-0.0087
1999-03-16,12.7,12.69,12.7,12.52,2304.0,星期二,0.0024,-0.0008
1999-03-15,12.8,12.67,12.81,12.5,2763.0,星期一,0.0151,-0.0102
1999-03-12,12.68,12.61,12.69,12.41,1538.0,星期五,0.0079,-0.0055
1999-03-11,12.15,12.58,13.13,12.1,3378.0,星期四,0.0,0.0354
1999-03-10,12.24,12.15,12.24,12.02,1518.0,星期三,-0.0041,-0.0074
1999-03-09,12.43,12.29,12.49,12.25,2136.0,星期二,0.0008,-0.0113
1999-03-08,12.1,12.42,12.42,12.1,1269.0,星期一,0.0,0.0264
1999-03-05,12.29,12.1,12.7,12.08,3375.0,星期五,0.0008,-0.0155
1999-03-04,12.35,12.28,12.4,12.11,2060.0,星期四,0.0057,-0.0057
1999-03-03,11.7,12.28,12.28,11.62,2582.0,星期三,0.0078,0.0496
1999-03-02,11.64,11.61,11.7,11.48,1038.0,星期二,-0.0051,-0.0026
1999-03-01,11.66,11.7,11.78,11.24,974.0,星期一,0.0,0.0034
1999-02-09,11.25,11.66,11.66,11.21,3521.0,星期二,-0.0088,0.0364
1999-02-08,11.61,11.35,11.7,11.1,3144.0,星期一,-0.0186,-0.0224
1999-02-05,12.3,11.83,12.3,11.77,2918.0,星期五,-0.0032,-0.0382
1999-02-04,12.35,12.34,12.4,12.1,1976.0,星期四,-0.0048,-0.0008
1999-02-03,12.6,12.41,12.6,12.4,1120.0,星期三,0.0,-0.0151
1999-02-02,12.36,12.6,12.62,12.35,1373.0,星期二,0.0008,0.0194
1999-02-01,12.71,12.35,12.72,12.35,3556.0,星期一,-0.014,-0.0283
1999-01-29,12.83,12.89,13.08,12.7,1819.0,星期五,-0.0169,0.0047
1999-01-28,12.94,13.05,13.2,12.8,2191.0,星期四,-0.0008,0.0085
1999-01-27,12.75,12.95,13.3,12.7,3585.0,星期三,-0.0016,0.0157
1999-01-26,12.9,12.77,12.92,12.73,1677.0,星期二,-0.0077,-0.0101
1999-01-25,13.2,13.0,13.28,12.9,2562.0,星期一,-0.003,-0.0152
1999-01-22,13.18,13.24,13.36,12.98,5095.0,星期五,-0.0015,0.0046
1999-01-21,12.86,13.2,13.28,12.82,2897.0,星期四,-0.0108,0.0264
1999-01-20,13.21,13.0,13.25,12.9,2605.0,星期三,0.0008,-0.0159
1999-01-19,13.3,13.2,13.35,13.0,2650.0,星期二,-0.0008,-0.0075
1999-01-18,12.88,13.31,13.35,12.8,2913.0,星期一,-0.0138,0.0334
1999-01-15,13.35,13.06,13.5,13.05,3791.0,星期五,-0.0074,-0.0217
1999-01-14,13.75,13.45,13.75,13.35,2554.0,星期四,0.0036,-0.0218
1999-01-13,13.5,13.7,13.85,13.43,3880.0,星期三,-0.0044,0.0148
1999-01-12,13.5,13.56,13.8,13.38,2734.0,星期二,-0.003,0.0044
1999-01-11,13.5,13.54,13.6,13.28,2286.0,星期一,-0.011,0.003
1999-01-08,13.1,13.65,13.68,13.1,5159.0,星期五,-0.0076,0.042
1999-01-07,13.06,13.2,13.38,13.06,2256.0,星期四,-0.0053,0.0107
1999-01-06,12.75,13.13,13.25,12.75,4074.0,星期三,-0.0116,0.0298
1999-01-05,12.77,12.9,13.0,12.56,3290.0,星期二,-0.0154,0.0102
1999-01-04,13.7,12.97,13.7,12.93,5097.0,星期一,0.0,-0.0533
1998-12-31,13.85,13.7,13.9,13.6,2022.0,星期四,0.0022,-0.0108
1998-12-30,13.7,13.82,13.95,13.53,4825.0,星期三,0.0044,0.0088
1998-12-29,13.58,13.64,13.97,13.58,4411.0,星期二,-0.0022,0.0044
1998-12-28,14.0,13.61,14.08,13.6,8194.0,星期一,-0.0036,-0.0279
1998-12-25,14.16,14.05,14.38,14.0,3689.0,星期五,0.0,-0.0078
1998-12-24,14.34,14.16,14.4,14.08,2846.0,星期四,-0.0028,-0.0126
1998-12-23,14.41,14.38,14.6,14.18,4891.0,星期三,-0.0048,-0.0021
1998-12-22,14.18,14.48,14.6,13.4,8334.0,星期二,-0.0014,0.0212
1998-12-21,14.25,14.2,14.3,14.12,2420.0,星期一,0.0085,-0.0035
1998-12-18,14.3,14.13,14.57,13.95,5599.0,星期五,-0.0069,-0.0119
1998-12-17,14.34,14.4,14.68,14.2,6975.0,星期四,-0.0021,0.0042
1998-12-16,14.49,14.37,14.6,14.3,4579.0,星期三,-0.0007,-0.0083
1998-12-15,13.88,14.5,14.5,13.8,4875.0,星期二,-0.0072,0.0447
1998-12-14,14.3,13.98,14.3,13.9,4353.0,星期一,0.0,-0.0224
1998-12-11,13.8,14.3,14.3,13.67,7884.0,星期五,0.0095,0.0362
1998-12-10,14.3,13.67,14.37,13.67,8446.0,星期四,0.0021,-0.0441
1998-12-09,14.34,14.27,14.45,14.13,4822.0,星期三,-0.0007,-0.0049
1998-12-08,14.18,14.35,14.45,14.11,7150.0,星期二,-0.0014,0.012
1998-12-07,14.68,14.2,14.85,14.01,7530.0,星期一,0.0138,-0.0327
1998-12-04,15.2,14.48,15.2,14.36,13143.0,星期五,-0.0046,-0.0474
1998-12-03,15.05,15.27,15.39,14.9,18046.0,星期四,-0.002,0.0146
1998-12-02,14.4,15.08,15.08,14.2,13549.0,星期三,-0.0069,0.0472
1998-12-01,14.85,14.5,14.94,14.35,13373.0,星期二,0.0,-0.0236
1998-11-30,14.49,14.85,14.85,14.3,14151.0,星期一,-0.0082,0.0248
1998-11-27,14.61,14.61,14.71,14.38,17756.0,星期五,0.0041,0.0
1998-11-26,13.95,14.55,14.64,13.9,29838.0,星期四,0.0007,0.043
1998-11-25,14.2,13.94,14.3,13.9,23173.0,星期三,0.0143,-0.0183
1998-11-24,13.5,14.0,14.0,13.5,17983.0,星期二,-0.0037,0.037
1998-11-23,13.3,13.55,13.69,13.17,7419.0,星期一,-0.0037,0.0188
1998-11-20,13.3,13.35,13.47,13.22,5190.0,星期五,-0.0045,0.0038
1998-11-19,13.47,13.36,13.55,13.35,6155.0,星期四,0.003,-0.0082
1998-11-18,13.45,13.43,13.6,13.38,6845.0,星期三,0.0,-0.0015
1998-11-17,13.73,13.45,13.82,13.45,5807.0,星期二,0.0029,-0.0204
1998-11-16,13.42,13.69,13.85,13.3,11153.0,星期一,-0.0007,0.0201
1998-11-13,13.45,13.43,13.5,13.22,8583.0,星期五,0.0,-0.0015
1998-11-12,13.68,13.45,13.7,13.35,10003.0,星期四,0.0051,-0.0168
1998-11-11,13.2,13.61,13.74,13.2,27363.0,星期三,0.0015,0.0311
1998-11-10,13.05,13.18,13.38,13.01,8573.0,星期二,0.0015,0.01
1998-11-09,12.98,13.03,13.1,12.96,7760.0,星期一,0.0,0.0039
1998-11-06,12.9,12.98,13.28,12.86,14829.0,星期五,0.0023,0.0062
1998-11-05,12.93,12.87,12.93,12.68,4851.0,星期四,0.0094,-0.0046
1998-11-04,12.65,12.81,12.95,12.48,8432.0,星期三,0.004,0.0126
1998-11-03,12.56,12.6,12.65,12.39,3192.0,星期二,0.0048,0.0032
1998-11-02,12.65,12.5,12.65,12.28,2292.0,星期一,0.0136,-0.0119
1998-10-30,12.3,12.48,12.69,12.2,2972.0,星期五,-0.0049,0.0146
1998-10-29,12.59,12.36,12.59,12.35,2855.0,星期四,-0.0008,-0.0183
1998-10-28,12.5,12.6,12.62,12.45,2642.0,星期三,-0.0071,0.008
1998-10-27,12.66,12.59,12.87,12.3,7065.0,星期二,0.0072,-0.0055
1998-10-26,12.35,12.57,12.6,12.0,4338.0,星期一,0.0,0.0178
1998-10-23,12.45,12.35,12.65,12.3,3955.0,星期五,0.0081,-0.008
1998-10-22,12.28,12.35,12.45,12.08,5068.0,星期四,-0.0057,0.0057
1998-10-21,12.72,12.35,12.88,12.3,5512.0,星期三,0.0016,-0.0291
1998-10-20,12.7,12.7,12.8,12.6,3485.0,星期二,0.0,0.0
1998-10-19,12.89,12.7,12.9,12.65,4551.0,星期一,-0.0046,-0.0147
1998-10-16,13.2,12.95,13.49,12.9,17102.0,星期五,0.0193,-0.0189
1998-10-15,12.6,12.95,13.05,12.52,7311.0,星期四,-0.0024,0.0278
1998-10-14,12.6,12.63,12.8,12.56,2565.0,星期三,-0.011,0.0024
1998-10-13,12.94,12.74,13.05,12.6,6708.0,星期二,0.007,-0.0155
1998-10-12,12.78,12.85,12.88,12.5,4941.0,星期一,0.0055,0.0055
1998-10-09,12.6,12.71,12.88,12.5,7311.0,星期五,0.0064,0.0087
1998-10-08,12.14,12.52,12.53,12.14,3018.0,星期四,0.0,0.0313
1998-10-07,12.18,12.14,12.28,11.9,2991.0,星期三,0.0,-0.0033
1998-10-06,12.36,12.18,12.43,12.13,3059.0,星期二,0.0,-0.0146
1998-10-05,12.65,12.36,12.66,12.32,2226.0,星期一,0.004,-0.0229
1998-09-30,12.45,12.6,12.67,12.42,2543.0,星期三,0.0032,0.012
1998-09-29,12.3,12.41,12.5,12.3,2514.0,星期二,-0.0073,0.0089
1998-09-28,12.6,12.39,12.62,12.21,2645.0,星期一,0.0032,-0.0167
1998-09-25,12.36,12.56,12.58,12.25,4146.0,星期五,0.0024,0.0162
1998-09-24,12.6,12.33,12.78,12.33,3778.0,星期四,-0.0141,-0.0214
1998-09-23,12.47,12.78,13.15,12.47,4554.0,星期三,-0.0024,0.0249
1998-09-22,12.83,12.5,12.85,12.4,2680.0,星期二,0.0102,-0.0257
1998-09-21,12.35,12.7,12.76,12.2,3981.0,星期一,-0.0096,0.0283
1998-09-18,12.7,12.47,13.0,12.4,8220.0,星期五,-0.0155,-0.0181
1998-09-17,13.3,12.9,13.5,12.8,13919.0,星期四,0.0114,-0.0301
1998-09-16,12.8,13.15,13.16,12.68,6047.0,星期三,-0.0062,0.0273
1998-09-15,13.18,12.88,13.18,12.85,6274.0,星期二,0.0,-0.0228
1998-09-14,13.0,13.18,13.26,12.85,9725.0,星期一,0.0078,0.0138
1998-09-11,12.9,12.9,13.18,12.65,9460.0,星期五,-0.0054,0.0
1998-09-10,12.68,12.97,13.39,12.67,25062.0,星期四,0.0251,0.0229
1998-09-09,11.6,12.37,12.4,11.6,10856.0,星期三,-0.0085,0.0664
1998-09-08,12.02,11.7,12.15,11.7,4804.0,星期二,0.005,-0.0266
1998-09-07,11.98,11.96,12.0,11.71,3405.0,星期一,0.0076,-0.0017
1998-09-04,11.5,11.89,11.98,11.5,4632.0,星期五,0.0061,0.0339
1998-09-03,11.5,11.43,11.69,11.35,1530.0,星期四,0.0061,-0.0061
1998-09-02,11.31,11.43,11.67,11.26,1246.0,星期三,-0.0148,0.0106
1998-09-01,11.65,11.48,11.78,11.3,2560.0,星期二,-0.0077,-0.0146
1998-08-31,11.48,11.74,11.78,10.65,2966.0,星期一,-0.0086,0.0226
1998-08-28,11.55,11.58,11.85,11.55,2169.0,星期五,0.0,0.0026
1998-08-27,11.7,11.55,11.7,11.5,2164.0,星期四,-0.0009,-0.0128
1998-08-26,11.79,11.71,11.94,11.71,2857.0,星期三,-0.0017,-0.0068
1998-08-25,11.89,11.81,11.89,11.5,3908.0,星期二,-0.0059,-0.0067
1998-08-24,11.99,11.96,12.25,11.78,5419.0,星期一,0.0059,-0.0025
1998-08-21,11.75,11.92,12.08,11.55,6323.0,星期五,0.0026,0.0145
1998-08-20,11.56,11.72,11.78,11.22,5130.0,星期四,0.0009,0.0138
1998-08-19,11.05,11.55,11.58,11.05,5294.0,星期三,0.0036,0.0452
1998-08-18,11.0,11.01,11.55,10.58,6057.0,星期二,-0.0143,0.0009
1998-08-17,11.83,11.16,12.08,11.16,6685.0,星期一,-0.046,-0.0566
1998-08-14,12.98,12.4,13.11,12.3,9293.0,星期五,-0.0219,-0.0447
1998-08-13,13.5,13.27,13.5,13.01,4934.0,星期四,0.0345,-0.017
1998-08-12,13.0,13.05,13.28,12.78,6264.0,星期三,-0.0046,0.0038
1998-08-11,12.92,13.06,13.46,12.92,4798.0,星期二,0.0016,0.0108
1998-08-10,13.22,12.9,13.22,12.75,3913.0,星期一,0.0,-0.0242
1998-08-07,13.4,13.22,13.45,13.12,4792.0,星期五,-0.0037,-0.0134
1998-08-06,13.4,13.45,13.88,13.4,3162.0,星期四,0.0037,0.0037
1998-08-05,13.2,13.35,13.45,13.2,4123.0,星期三,0.0,0.0114
1998-08-04,13.75,13.2,13.76,13.2,10194.0,星期二,-0.0058,-0.04
1998-08-03,14.0,13.83,14.11,13.8,3219.0,星期一,0.0086,-0.0121
1998-07-31,14.0,13.88,14.1,13.75,3162.0,星期五,0.0,-0.0086
1998-07-30,13.9,14.0,14.3,13.75,7000.0,星期四,0.0131,0.0072
1998-07-29,14.04,13.72,14.04,13.68,5397.0,星期三,-0.0007,-0.0228
1998-07-28,14.31,14.05,14.4,13.89,5333.0,星期二,0.0014,-0.0182
1998-07-27,14.2,14.29,14.51,14.1,13509.0,星期一,0.0114,0.0063
1998-07-24,13.8,14.04,14.38,13.7,15374.0,星期五,-0.005,0.0174
1998-07-23,13.68,13.87,13.93,13.5,6021.0,星期四,-0.0007,0.0139
1998-07-22,14.38,13.69,14.38,13.6,9845.0,星期三,0.0,-0.048
1998-07-21,14.2,14.38,14.56,14.06,14304.0,星期二,-0.0035,0.0127
1998-07-20,14.11,14.25,14.6,13.91,18271.0,星期一,0.0043,0.0099
1998-07-17,14.03,14.05,14.24,13.7,14641.0,星期五,-0.0078,0.0014
1998-07-16,13.89,14.14,14.2,13.8,13997.0,星期四,0.0073,0.018
1998-07-15,13.6,13.79,13.93,13.41,6267.0,星期三,-0.0051,0.014
1998-07-14,14.1,13.67,14.1,13.6,12654.0,星期二,0.0,-0.0305
1998-07-13,13.4,14.1,14.25,13.4,25408.0,星期一,0.009,0.0522
1998-07-10,12.7,13.28,13.4,12.69,10645.0,星期五,0.0024,0.0457
1998-07-09,12.79,12.67,12.85,12.56,1692.0,星期四,0.0071,-0.0094
1998-07-08,12.58,12.7,12.85,12.58,1444.0,星期三,-0.0016,0.0095
1998-07-07,12.32,12.6,12.7,12.2,1442.0,星期二,-0.0168,0.0227
1998-07-06,12.71,12.53,12.8,12.53,2237.0,星期一,-0.0147,-0.0142
1998-07-03,13.0,12.9,13.1,12.7,3479.0,星期五,0.0,-0.0077
1998-07-02,12.2,13.0,13.0,12.08,2682.0,星期四,-0.0097,0.0656
1998-07-01,12.98,12.32,13.0,12.3,3837.0,星期三,0.022,-0.0508
1998-06-30,12.81,12.7,13.09,12.7,2320.0,星期二,-0.007,-0.0086
1998-06-29,13.03,12.9,13.03,12.7,3366.0,星期一,-0.0151,-0.01
1998-06-26,13.21,13.23,13.4,13.13,2768.0,星期五,0.0008,0.0015
1998-06-25,13.67,13.2,13.7,13.15,2899.0,星期四,0.0059,-0.0344
1998-06-24,13.49,13.59,13.75,13.42,4692.0,星期三,-0.0037,0.0074
1998-06-23,13.6,13.54,13.68,13.35,3386.0,星期二,-0.0044,-0.0044
1998-06-22,13.55,13.66,13.8,13.2,7862.0,星期一,0.0,0.0081
1998-06-19,12.7,13.55,13.55,12.7,7241.0,星期五,0.0,0.0669
1998-06-18,12.25,12.7,12.78,12.25,4245.0,星期四,0.0,0.0367
1998-06-17,12.5,12.25,12.56,12.15,4928.0,星期三,-0.0048,-0.02
1998-06-16,12.6,12.56,12.8,12.15,4505.0,星期二,-0.0187,-0.0032
1998-06-15,13.3,12.84,13.3,12.65,5758.0,星期一,0.0,-0.0346
1998-06-12,13.49,13.3,13.57,13.2,5079.0,星期五,0.0313,-0.0141
1998-06-11,13.3,13.08,13.3,12.6,2068.0,星期四,-0.0163,-0.0165
1998-06-10,13.03,13.52,13.75,13.03,5479.0,星期三,-0.0091,0.0376
1998-06-09,13.7,13.15,13.75,13.0,9167.0,星期二,0.0007,-0.0401
1998-06-08,13.9,13.69,13.93,13.6,5030.0,星期一,0.0,-0.0151
1998-06-05,13.76,13.9,14.2,13.7,5331.0,星期五,-0.0029,0.0102
1998-06-04,13.99,13.8,14.1,13.77,6730.0,星期四,-0.0043,-0.0136
1998-06-03,14.15,14.05,14.2,13.96,6485.0,星期三,0.0035,-0.0071
1998-06-02,14.39,14.1,14.39,14.0,5625.0,星期二,-0.0014,-0.0202
1998-06-01,14.1,14.41,14.45,13.78,13141.0,星期一,0.0007,0.022
1998-05-29,14.38,14.09,14.38,13.95,7260.0,星期五,0.0228,-0.0202
1998-05-28,14.3,14.06,14.49,13.95,9838.0,星期四,-0.0035,-0.0168
1998-05-27,15.0,14.35,15.0,14.25,13527.0,星期三,0.0142,-0.0433
1998-05-26,14.49,14.79,15.0,14.2,27862.0,星期二,0.0219,0.0207
1998-05-25,13.93,14.18,14.5,13.82,12207.0,星期一,0.0058,0.0179
1998-05-22,14.0,13.85,14.15,13.79,6087.0,星期五,0.0029,-0.0107
1998-05-21,13.7,13.96,14.2,13.52,6477.0,星期四,-0.0007,0.019
1998-05-20,13.88,13.71,14.05,13.54,8061.0,星期三,-0.0086,-0.0122
1998-05-19,14.25,14.0,14.3,13.85,5782.0,星期二,0.0179,-0.0175
1998-05-18,14.16,14.0,14.36,13.82,5408.0,星期一,0.0,-0.0113
1998-05-15,14.5,14.16,14.68,13.9,8926.0,星期五,0.0105,-0.0234
1998-05-14,14.8,14.35,14.8,14.25,14327.0,星期四,0.0172,-0.0304
1998-05-13,13.9,14.55,15.08,13.79,29617.0,星期三,0.0007,0.0468
1998-05-12,13.8,13.89,14.22,13.5,8987.0,星期二,0.0147,0.0065
1998-05-11,13.99,13.6,14.0,13.53,12109.0,星期一,0.0,-0.0279
1998-05-08,13.6,13.99,14.2,13.5,11970.0,星期五,0.0015,0.0287
1998-05-07,14.02,13.58,14.2,13.55,14594.0,星期四,-0.0134,-0.0314
1998-05-06,14.49,14.21,14.5,13.9,13206.0,星期三,0.0,-0.0193
1998-05-05,14.99,14.49,14.99,14.35,8857.0,星期二,0.0197,-0.0334
1998-05-04,14.55,14.7,15.01,14.26,14134.0,星期一,0.0203,0.0103
1998-04-30,14.7,14.26,14.78,14.18,11089.0,星期四,0.0138,-0.0299
1998-04-29,14.11,14.5,14.7,14.0,13984.0,星期三,0.0036,0.0276
1998-04-28,14.0,14.06,14.49,14.0,14558.0,星期二,0.0145,0.0043
1998-04-27,14.01,13.8,14.43,13.5,21401.0,星期一,-0.0189,-0.015
1998-04-24,14.95,14.28,15.2,14.21,29881.0,星期五,0.0,-0.0448
1998-04-23,15.0,14.95,15.88,14.7,64011.0,星期四,0.0253,-0.0033
1998-04-22,13.35,14.63,14.63,13.35,47110.0,星期三,0.0038,0.0959
1998-04-21,13.15,13.3,13.65,13.0,11715.0,星期二,-0.0008,0.0114
1998-04-20,12.95,13.16,13.69,12.5,15143.0,星期一,-0.0182,0.0162
1998-04-16,12.89,13.19,13.8,12.8,22794.0,星期四,-0.0008,0.0233
1998-04-15,12.85,12.9,12.9,12.53,9316.0,星期三,0.0047,0.0039
1998-04-14,12.41,12.79,13.0,12.28,13162.0,星期二,-0.0135,0.0306
1998-04-13,12.8,12.58,12.91,12.38,18887.0,星期一,-0.0139,-0.0172
1998-04-10,12.95,12.98,13.2,12.58,19391.0,星期五,-0.0122,0.0023
1998-04-09,14.3,13.11,14.3,12.91,42931.0,星期四,-0.0028,-0.0832
1998-04-08,13.88,14.34,14.84,13.66,44235.0,星期三,0.0095,0.0331
1998-04-07,13.2,13.75,14.1,12.8,49745.0,星期二,-0.0127,0.0417
1998-04-06,13.51,13.37,13.51,12.86,37760.0,星期一,-0.0081,-0.0104
1998-04-03,13.1,13.62,13.98,12.65,47662.0,星期五,-0.0076,0.0397
1998-04-02,13.15,13.2,14.2,13.0,59272.0,星期四,0.0038,0.0038
1998-04-01,11.95,13.1,13.2,11.62,64277.0,星期三,-0.0042,0.0962
1998-03-31,12.4,12.0,12.98,11.88,88970.0,星期二,0.0482,-0.0323
1998-03-30,11.18,11.83,11.83,11.12,34523.0,星期一,0.04,0.0581
1998-03-27,9.8,10.75,10.75,9.8,55774.0,星期五,0.0031,0.0969
1998-03-26,9.92,9.77,10.06,9.72,7517.0,星期四,-0.001,-0.0151
1998-03-25,9.86,9.93,10.27,9.71,22370.0,星期三,0.0154,0.0071
1998-03-24,9.6,9.71,9.8,9.48,6494.0,星期二,-0.0041,0.0115
1998-03-23,9.35,9.64,9.78,9.35,14612.0,星期一,0.0,0.031
1998-03-20,9.09,9.35,9.39,9.01,3415.0,星期五,0.01,0.0286
1998-03-19,8.85,9.0,9.03,8.8,2074.0,星期四,-0.0078,0.0169
1998-03-18,9.1,8.92,9.11,8.92,2025.0,星期三,0.0,-0.0198
1998-03-17,8.98,9.1,9.3,8.9,2829.0,星期二,0.0228,0.0134
1998-03-16,8.88,8.78,8.9,8.65,1111.0,星期一,0.0034,-0.0113
1998-03-13,8.7,8.85,8.85,8.65,1076.0,星期五,-0.0023,0.0172
1998-03-12,8.82,8.72,8.82,8.71,1308.0,星期四,0.0011,-0.0113
1998-03-11,8.85,8.81,8.95,8.8,1173.0,星期三,-0.0011,-0.0045
1998-03-10,8.98,8.86,8.98,8.79,2091.0,星期二,0.0067,-0.0134
1998-03-09,9.1,8.92,9.1,8.91,1444.0,星期一,0.0055,-0.0198
1998-03-06,9.11,9.05,9.2,9.01,1172.0,星期五,0.0011,-0.0066
1998-03-05,9.2,9.1,9.38,9.1,1540.0,星期四,0.0011,-0.0109
1998-03-04,9.16,9.19,9.2,9.05,1679.0,星期三,0.0022,0.0033
1998-03-03,9.0,9.14,9.15,8.93,1510.0,星期二,0.0,0.0156
1998-03-02,9.2,9.0,9.3,8.8,3090.0,星期一,-0.0033,-0.0217
1998-02-27,9.3,9.23,9.39,9.18,1264.0,星期五,0.0022,-0.0075
1998-02-26,9.07,9.28,9.4,9.04,1986.0,星期四,0.0,0.0232
1998-02-25,9.18,9.07,9.18,9.05,1912.0,星期三,-0.0022,-0.012
1998-02-24,9.13,9.2,9.3,9.1,1932.0,星期二,-0.0011,0.0077
1998-02-23,9.2,9.14,9.2,9.09,3808.0,星期一,-0.0213,-0.0065
1998-02-20,9.5,9.4,9.58,9.3,2920.0,星期五,-0.0052,-0.0105
1998-02-19,9.65,9.55,9.65,9.38,1979.0,星期四,0.0031,-0.0104
1998-02-18,9.55,9.62,9.64,9.5,2687.0,星期三,-0.0042,0.0073
1998-02-17,9.52,9.59,9.7,9.46,2915.0,星期二,0.0,0.0074
1998-02-16,9.76,9.52,9.76,9.45,5361.0,星期一,-0.0031,-0.0246
1998-02-13,9.9,9.79,10.0,9.76,2647.0,星期五,0.001,-0.0111
1998-02-12,10.1,9.89,10.1,9.85,4072.0,星期四,0.008,-0.0208
1998-02-11,9.75,10.02,10.1,9.75,4202.0,星期三,-0.0031,0.0277
1998-02-10,9.85,9.78,9.9,9.71,2507.0,星期二,0.0,-0.0071
1998-02-09,10.08,9.85,10.1,9.81,2925.0,星期一,0.0328,-0.0228
1998-01-23,9.8,9.76,9.8,9.61,2459.0,星期五,0.0134,-0.0041
1998-01-22,9.6,9.67,9.79,9.53,2509.0,星期四,0.0052,0.0073
1998-01-21,9.6,9.55,9.84,9.53,1781.0,星期三,-0.0103,-0.0052
1998-01-20,9.88,9.7,9.97,9.61,2528.0,星期二,0.0082,-0.0182
1998-01-19,9.7,9.8,9.95,9.6,3388.0,星期一,-0.0271,0.0103
1998-01-16,10.01,9.97,10.07,9.73,4836.0,星期五,-0.005,-0.004
1998-01-15,10.14,10.06,10.24,9.7,5920.0,星期四,0.01,-0.0079
1998-01-14,9.68,10.04,10.08,9.65,10232.0,星期三,0.0041,0.0372
1998-01-13,10.05,9.64,10.15,9.32,17236.0,星期二,-0.029,-0.0408
1998-01-12,10.88,10.35,10.95,10.31,18815.0,星期一,0.0216,-0.0487
1998-01-09,10.35,10.65,11.25,10.26,34196.0,星期五,-0.0058,0.029
1998-01-08,10.19,10.41,10.45,10.06,18108.0,星期四,-0.001,0.0216
1998-01-07,9.64,10.2,10.25,9.56,19748.0,星期三,-0.001,0.0581
1998-01-06,9.65,9.65,9.65,9.45,6747.0,星期二,0.0021,0.0
1998-01-05,9.5,9.63,9.85,9.35,10697.0,星期一,0.015,0.0137
1997-12-31,9.25,9.36,9.42,9.2,3445.0,星期三,0.0065,0.0119
1997-12-30,9.3,9.19,9.48,9.0,3963.0,星期二,0.0,-0.0118
1997-12-29,9.56,9.3,9.78,9.29,5920.0,星期一,0.0,-0.0272
1997-12-26,9.65,9.56,9.85,8.83,10057.0,星期五,0.0158,-0.0093
1997-12-25,9.48,9.5,9.55,9.37,4348.0,星期四,0.0032,0.0021
1997-12-24,9.28,9.45,9.5,9.28,4327.0,星期三,-0.0054,0.0183
1997-12-23,9.59,9.33,9.65,9.3,7447.0,星期二,-0.001,-0.0271
1997-12-22,9.56,9.6,9.86,9.55,12092.0,星期一,0.001,0.0042
1997-12-19,9.08,9.55,9.67,8.16,14581.0,星期五,0.0033,0.0518
1997-12-18,8.95,9.05,9.2,8.95,3173.0,星期四,-0.011,0.0112
1997-12-17,9.2,9.05,9.29,9.02,6383.0,星期三,-0.0139,-0.0163
1997-12-16,9.32,9.33,9.61,9.32,10356.0,星期二,0.0175,0.0011
1997-12-15,8.85,9.16,9.18,8.85,6907.0,星期一,0.0114,0.035
1997-12-12,8.78,8.75,8.8,8.6,1762.0,星期五,-0.0023,-0.0034
1997-12-11,8.78,8.8,8.8,8.61,1561.0,星期四,-0.0045,0.0023
1997-12-10,8.92,8.82,9.08,8.75,1552.0,星期三,0.0022,-0.0112
1997-12-09,8.75,8.9,9.0,8.0,2386.0,星期二,0.0057,0.0171
1997-12-08,8.8,8.7,8.86,8.66,1694.0,星期一,-0.0068,-0.0114
1997-12-05,8.8,8.86,9.02,8.78,3261.0,星期五,0.0057,0.0068
1997-12-04,8.75,8.75,8.88,8.75,2184.0,星期四,0.0057,0.0
1997-12-03,8.68,8.7,9.3,8.58,3445.0,星期三,0.0212,0.0023
1997-12-02,8.58,8.5,8.65,8.42,1054.0,星期二,0.0094,-0.0093
1997-12-01,8.58,8.5,8.6,8.4,1152.0,星期一,-0.0023,-0.0093
1997-11-28,8.34,8.6,8.6,8.32,1382.0,星期五,-0.0165,0.0312
1997-11-27,8.77,8.48,8.77,8.38,1981.0,星期四,0.0,-0.0331
1997-11-26,8.65,8.77,8.77,8.55,2510.0,星期三,0.0035,0.0139
1997-11-25,8.38,8.62,8.63,8.38,2059.0,星期二,-0.0083,0.0286
1997-11-24,8.75,8.45,8.75,8.35,3800.0,星期一,-0.0057,-0.0343
1997-11-21,9.0,8.8,9.09,8.76,5394.0,星期五,-0.0088,-0.0222
1997-11-20,9.15,9.08,9.23,9.0,3665.0,星期四,-0.0076,-0.0077
1997-11-19,9.25,9.22,9.44,9.1,3395.0,星期三,-0.0054,-0.0032
1997-11-18,9.49,9.3,9.65,9.28,3852.0,星期二,-0.0063,-0.02
1997-11-17,9.71,9.55,9.96,9.55,10554.0,星期一,0.0275,-0.0165
1997-11-14,9.68,9.45,9.85,9.35,8574.0,星期五,0.0021,-0.0238
1997-11-13,9.5,9.66,9.66,9.2,7191.0,星期四,-0.0063,0.0168
1997-11-12,9.5,9.56,9.98,9.3,25294.0,星期三,0.0053,0.0063
1997-11-11,9.02,9.45,9.56,8.98,9858.0,星期二,-0.0153,0.0477
1997-11-10,9.1,9.16,9.38,9.05,3393.0,星期一,-0.0066,0.0066
1997-11-07,9.0,9.16,9.2,9.0,2682.0,星期五,0.0,0.0178
1997-11-06,9.01,9.0,9.38,8.92,3747.0,星期四,-0.0207,-0.0011
1997-11-05,9.0,9.2,9.3,9.0,3563.0,星期三,-0.0217,0.0222
1997-11-04,9.28,9.2,9.48,9.15,1760.0,星期二,0.0065,-0.0086
1997-11-03,9.5,9.22,9.5,9.12,2413.0,星期一,0.0117,-0.0295
1997-10-31,9.14,9.39,9.5,8.96,8431.0,星期五,-0.0172,0.0274
1997-10-30,9.2,9.3,9.8,8.98,14634.0,星期四,0.0222,0.0109
1997-10-29,8.88,9.0,9.18,8.7,4190.0,星期三,-0.0122,0.0135
1997-10-28,9.51,8.99,9.57,8.9,5924.0,星期二,-0.0073,-0.0547
1997-10-27,9.1,9.58,9.6,9.08,8171.0,星期一,0.0022,0.0527
1997-10-24,9.0,9.08,9.08,8.85,5280.0,星期五,0.0011,0.0089
1997-10-23,9.1,8.99,9.2,8.88,4547.0,星期四,-0.0055,-0.0121
1997-10-22,9.5,9.15,9.55,9.12,7095.0,星期三,-0.0052,-0.0368
1997-10-21,9.42,9.55,9.7,9.1,6763.0,星期二,-0.0084,0.0138
1997-10-20,9.65,9.5,9.83,9.4,7744.0,星期一,0.0,-0.0155
1997-10-17,9.05,9.65,9.73,9.0,16600.0,星期五,0.0157,0.0663
1997-10-16,8.66,8.91,9.0,8.65,5778.0,星期四,0.007,0.0289
1997-10-15,8.6,8.6,8.8,8.54,1234.0,星期三,0.0058,0.0
1997-10-14,8.6,8.55,8.6,8.4,878.0,星期二,-0.0012,-0.0058
1997-10-13,8.88,8.61,8.88,8.55,1337.0,星期一,0.0172,-0.0304
1997-10-10,8.68,8.73,9.18,8.57,1300.0,星期五,0.0105,0.0058
1997-10-09,8.75,8.59,8.85,8.56,1559.0,星期四,0.0,-0.0183
1997-10-08,8.51,8.75,8.89,8.47,4186.0,星期三,0.0278,0.0282
1997-10-07,8.18,8.28,8.3,8.08,561.0,星期二,-0.0049,0.0122
1997-10-06,8.18,8.22,8.35,8.0,637.0,星期一,-0.0085,0.0049
1997-09-30,8.0,8.25,8.28,8.0,1380.0,星期二,-0.0111,0.0312
1997-09-29,8.1,8.09,8.2,8.0,2414.0,星期一,-0.0182,-0.0012
1997-09-26,8.4,8.25,8.4,8.11,2698.0,星期五,0.0024,-0.0179
1997-09-25,8.4,8.38,8.5,8.25,3950.0,星期四,0.0133,-0.0024
1997-09-24,8.08,8.29,8.35,8.0,3797.0,星期三,0.0319,0.026
1997-09-23,8.2,7.83,8.45,7.65,4954.0,星期二,-0.0036,-0.0451
1997-09-22,9.21,8.23,9.22,8.23,3670.0,星期一,0.0077,-0.1064
1997-09-19,9.29,9.14,9.29,8.98,2229.0,星期五,0.0153,-0.0161
1997-09-18,8.88,9.15,9.2,8.88,2460.0,星期四,0.0,0.0304
1997-09-17,9.27,8.88,9.27,8.83,2626.0,星期三,0.0087,-0.0421
1997-09-16,9.18,9.19,9.29,9.05,2661.0,星期二,0.0033,0.0011
1997-09-15,9.2,9.15,9.55,9.0,3878.0,星期一,-0.0086,-0.0054
1997-09-12,9.68,9.28,9.8,9.22,7208.0,星期五,0.001,-0.0413
1997-09-11,10.2,9.67,10.29,9.53,8202.0,星期四,0.0099,-0.052
1997-09-10,10.0,10.1,10.15,9.78,9577.0,星期三,0.002,0.01
1997-09-09,10.4,9.98,10.5,9.9,5782.0,星期二,-0.0095,-0.0404
1997-09-08,10.3,10.5,10.58,10.15,9277.0,星期一,-0.0048,0.0194
1997-09-05,10.4,10.35,10.4,10.09,11746.0,星期五,0.001,-0.0048
1997-09-04,10.43,10.39,10.55,10.26,17433.0,星期四,0.0029,-0.0038
1997-09-03,10.11,10.4,10.6,9.85,32248.0,星期三,-0.001,0.0287
1997-09-02,9.38,10.12,10.12,9.35,44368.0,星期二,0.0196,0.0789
1997-09-01,9.2,9.2,9.3,8.95,9532.0,星期一,-0.0275,0.0
1997-08-29,9.28,9.46,9.65,9.21,13476.0,星期五,0.0043,0.0194
1997-08-28,9.2,9.24,9.3,9.11,5441.0,星期四,0.0099,0.0043
1997-08-27,9.1,9.11,9.42,9.07,3639.0,星期三,0.0033,0.0011
1997-08-26,9.23,9.07,9.3,9.0,2865.0,星期二,0.0,-0.0173
1997-08-25,8.92,9.23,9.27,8.8,3587.0,星期一,0.0045,0.0348
1997-08-22,8.88,8.88,8.98,8.75,2516.0,星期五,-0.0034,0.0
1997-08-21,8.8,8.91,9.05,8.63,2663.0,星期四,-0.0123,0.0125
1997-08-20,8.9,8.91,9.16,8.85,697.0,星期三,0.0114,0.0011
1997-08-19,8.99,8.8,8.99,8.8,1501.0,星期二,0.0,-0.0211
1997-08-18,9.08,8.99,9.2,8.85,1148.0,星期一,0.0078,-0.0099
1997-08-15,9.46,9.01,9.58,8.9,1445.0,星期五,0.0107,-0.0476
1997-08-14,9.0,9.36,9.36,8.9,2232.0,星期四,0.0,0.04
1997-08-13,9.2,9.0,9.38,8.98,2392.0,星期三,-0.0065,-0.0217
1997-08-12,9.69,9.26,9.75,9.26,4075.0,星期二,-0.0072,-0.0444
1997-08-11,9.8,9.76,10.1,9.7,12180.0,星期一,0.0273,-0.0041
1997-08-08,9.18,9.54,9.6,9.18,6468.0,星期五,0.0022,0.0392
1997-08-07,8.99,9.16,9.16,8.85,1279.0,星期四,-0.0066,0.0189
1997-08-06,9.18,9.05,9.31,8.99,1973.0,星期三,0.0033,-0.0142
1997-08-05,9.38,9.15,9.45,9.12,2197.0,星期二,0.0086,-0.0245
1997-08-04,9.18,9.3,9.4,9.11,3536.0,星期一,0.0055,0.0131
1997-08-01,8.85,9.13,9.18,8.41,2824.0,星期五,0.0011,0.0316
1997-07-31,8.91,8.84,8.91,8.74,1172.0,星期四,0.0079,-0.0079
1997-07-30,8.65,8.84,8.84,8.65,1096.0,星期三,0.0058,0.022
1997-07-29,8.51,8.6,8.63,8.4,1276.0,星期二,0.0012,0.0106
1997-07-28,8.75,8.5,8.85,8.5,1251.0,星期一,0.0069,-0.0286
1997-07-25,8.8,8.69,8.8,8.6,1470.0,星期五,0.0023,-0.0125
1997-07-24,9.03,8.78,9.03,8.78,1652.0,星期四,0.0,-0.0277
1997-07-23,9.05,9.03,9.27,9.02,2532.0,星期三,0.0,-0.0022
1997-07-22,8.9,9.05,9.05,8.63,1701.0,星期二,-0.0122,0.0169
1997-07-21,9.25,9.01,9.28,8.98,2625.0,星期一,0.0232,-0.0259
1997-07-18,8.8,9.04,9.09,8.75,1954.0,星期五,0.0,0.0273
1997-07-17,8.98,8.8,8.98,8.7,2170.0,星期四,0.0067,-0.02
1997-07-16,9.2,8.92,9.33,8.52,2364.0,星期三,-0.0022,-0.0304
1997-07-15,9.3,9.22,9.32,9.01,3603.0,星期二,0.0186,-0.0086
1997-07-14,8.9,9.13,9.16,8.8,3750.0,星期一,0.0068,0.0258
1997-07-11,8.42,8.84,8.88,8.4,1725.0,星期五,-0.0152,0.0499
1997-07-10,8.69,8.55,8.7,8.5,1927.0,星期四,-0.0011,-0.0161
1997-07-09,8.55,8.7,8.81,8.35,3475.0,星期三,0.0106,0.0175
1997-07-08,8.3,8.46,8.77,8.01,2820.0,星期二,-0.0072,0.0193
1997-07-07,9.3,8.36,9.37,8.33,3439.0,星期一,0.0043,-0.1011
1997-07-04,9.4,9.26,9.61,9.2,3442.0,星期五,-0.0208,-0.0149
1997-07-03,10.28,9.6,10.28,9.52,4773.0,星期四,-0.0115,-0.0661
1997-07-02,9.75,10.4,10.45,9.4,12678.0,星期三,0.0,0.0667
1997-06-27,9.65,9.75,10.27,9.45,5795.0,星期五,0.0,0.0104
1997-06-26,9.98,9.65,9.98,9.61,2351.0,星期四,0.0,-0.0331
1997-06-25,10.0,9.98,10.08,9.88,2851.0,星期三,0.005,-0.002
1997-06-24,10.0,9.95,10.16,9.88,2797.0,星期二,0.007,-0.005
1997-06-23,10.15,9.93,10.3,9.85,4197.0,星期一,0.016,-0.0217
1997-06-20,9.78,9.99,10.0,9.63,3418.0,星期五,0.0166,0.0215
1997-06-19,9.89,9.62,9.89,9.61,1171.0,星期四,0.0228,-0.0273
1997-06-18,9.7,9.67,9.8,9.51,1205.0,星期三,0.0031,-0.0031
1997-06-17,9.94,9.67,9.94,9.56,1479.0,星期二,-0.1799,-0.0272
1997-06-16,12.2,12.12,12.4,12.0,5138.0,星期一,0.0066,-0.0066
1997-06-13,11.22,12.12,12.25,11.1,3441.0,星期五,-0.054,0.0802
1997-06-12,11.85,11.86,12.0,11.61,2409.0,星期四,0.026,0.0008
1997-06-11,11.82,11.55,11.82,11.0,1974.0,星期三,0.0017,-0.0228
1997-06-10,12.0,11.8,12.05,11.8,1837.0,星期二,0.0008,-0.0167
1997-06-09,11.8,11.99,12.06,11.76,2302.0,星期一,-0.0084,0.0161
1997-06-06,11.8,11.9,12.5,11.75,6524.0,星期五,-0.0923,0.0085
1997-06-05,12.8,13.0,13.1,12.6,6324.0,星期四,0.0079,0.0156
1997-06-04,12.8,12.7,12.8,12.56,3805.0,星期三,0.0079,-0.0078
1997-06-03,12.56,12.7,12.8,12.35,5189.0,星期二,0.0,0.0111
1997-06-02,12.38,12.56,12.65,12.3,4357.0,星期一,0.0148,0.0145
1997-05-30,12.0,12.2,12.22,11.8,2687.0,星期五,0.0076,0.0167
1997-05-29,12.13,11.91,12.26,11.9,3019.0,星期四,0.0,-0.0181
1997-05-28,11.85,12.13,12.39,11.8,4089.0,星期三,-0.0042,0.0236
1997-05-27,11.62,11.9,11.96,11.6,3119.0,星期二,0.0087,0.0241
1997-05-26,11.8,11.52,11.9,11.3,3014.0,星期一,0.0,-0.0237
1997-05-23,11.38,11.8,12.08,11.38,3320.0,星期五,-0.0257,0.0369
1997-05-22,11.97,11.68,12.47,11.68,5506.0,星期四,-0.0778,-0.0242
1997-05-21,13.3,12.98,13.32,12.5,4047.0,星期三,0.0,-0.0241
1997-05-20,13.1,13.3,13.58,13.1,5411.0,星期二,0.0015,0.0153
1997-05-19,13.08,13.08,13.2,12.89,4450.0,星期一,0.014,0.0
1997-05-16,13.2,12.9,13.98,12.83,9725.0,星期五,-0.0737,-0.0227
1997-05-15,13.68,14.25,14.4,13.68,5848.0,星期四,-0.0058,0.0417
1997-05-14,14.5,13.76,14.7,13.6,7080.0,星期三,-0.0176,-0.051
1997-05-13,14.5,14.76,15.15,14.5,8862.0,星期二,-0.0498,0.0179
1997-05-12,15.81,15.26,15.81,15.02,10645.0,星期一,0.1002,-0.0348
1997-05-08,15.2,14.37,15.65,14.05,14423.0,星期四,0.0013,-0.0546
1997-05-07,15.45,15.18,15.48,15.1,12219.0,星期三,0.0046,-0.0175
1997-05-06,15.48,15.38,15.55,15.01,13096.0,星期二,0.0091,-0.0065
1997-05-05,15.07,15.34,15.45,15.05,13570.0,星期一,0.008,0.0179
1997-04-30,14.99,14.95,15.14,14.78,10602.0,星期三,0.0163,-0.0027
1997-04-29,15.0,14.75,15.24,14.48,9790.0,星期二,-0.0007,-0.0167
1997-04-28,15.23,15.01,15.56,14.8,20058.0,星期一,0.0325,-0.0144
1997-04-25,14.48,14.75,15.28,14.4,22991.0,星期五,0.0042,0.0186
1997-04-24,14.42,14.42,14.55,14.01,13529.0,星期四,-0.0157,0.0
1997-04-23,14.59,14.65,14.7,14.31,10964.0,星期三,0.0041,0.0041
1997-04-22,14.56,14.53,14.65,14.1,9144.0,星期二,-0.0021,-0.0021
1997-04-21,14.65,14.59,14.99,14.5,12322.0,星期一,0.0069,-0.0041
1997-04-18,14.31,14.55,14.55,13.95,11815.0,星期五,-0.0035,0.0168
1997-04-17,14.4,14.36,14.4,14.08,10651.0,星期四,0.0035,-0.0028
1997-04-16,14.45,14.35,14.85,14.08,17418.0,星期三,0.0091,-0.0069
1997-04-15,13.77,14.32,14.35,13.7,21321.0,星期二,0.0015,0.0399
1997-04-14,13.51,13.75,14.3,13.51,20437.0,星期一,0.0158,0.0178
1997-04-11,13.18,13.3,13.45,12.94,14344.0,星期五,-0.009,0.0091
1997-04-10,13.64,13.3,13.99,13.1,19099.0,星期四,0.0,-0.0249
1997-04-09,12.9,13.64,13.68,12.9,22341.0,星期三,0.0031,0.0574
1997-04-08,13.3,12.86,13.3,12.8,14507.0,星期二,-0.0008,-0.0331
1997-04-07,12.91,13.31,13.35,12.91,21868.0,星期一,0.0086,0.031
1997-04-04,12.6,12.8,13.2,12.51,24497.0,星期五,0.0056,0.0159
1997-04-03,12.2,12.53,12.53,12.12,10070.0,星期四,0.0066,0.027
1997-04-02,12.5,12.12,12.55,12.12,7656.0,星期三,0.0016,-0.0304
1997-04-01,12.5,12.48,12.58,12.37,10087.0,星期二,0.004,-0.0016
1997-03-31,12.0,12.45,12.49,12.0,13718.0,星期一,0.0084,0.0375
1997-03-28,12.21,11.9,12.3,11.89,13821.0,星期五,0.0,-0.0254
1997-03-27,11.88,12.21,12.88,11.88,16995.0,星期四,0.0068,0.0278
1997-03-26,11.6,11.8,11.86,11.38,14887.0,星期三,0.0193,0.0172
1997-03-25,11.8,11.38,11.85,11.2,7376.0,星期二,0.0243,-0.0356
1997-03-24,11.65,11.52,11.75,11.5,13113.0,星期一,0.0175,-0.0112
1997-03-21,10.58,11.45,11.83,10.58,8696.0,星期五,-0.0158,0.0822
1997-03-20,11.5,10.75,11.56,10.55,7971.0,星期四,0.0044,-0.0652
1997-03-19,11.4,11.45,11.75,11.4,8215.0,星期三,-0.0035,0.0044
1997-03-18,11.65,11.44,11.67,11.3,11206.0,星期二,0.0,-0.018
1997-03-17,11.68,11.65,12.0,11.55,21875.0,星期一,0.0165,-0.0026
1997-03-14,10.8,11.49,11.87,10.73,34838.0,星期五,-0.0018,0.0639
1997-03-13,10.95,10.82,10.98,10.65,7392.0,星期四,-0.0009,-0.0119
1997-03-12,10.8,10.96,10.98,10.62,9928.0,星期三,0.0009,0.0148
1997-03-11,10.86,10.79,10.9,10.53,6751.0,星期二,0.0,-0.0064
1997-03-10,10.6,10.86,11.06,10.6,11837.0,星期一,0.0,0.0245
1997-03-07,10.98,10.6,10.98,10.48,11073.0,星期五,0.012,-0.0346
1997-03-06,10.4,10.85,11.15,10.38,22089.0,星期四,0.0117,0.0433
1997-03-05,10.19,10.28,10.4,10.0,17293.0,星期三,-0.001,0.0088
1997-03-04,10.09,10.2,10.3,9.72,11851.0,星期二,0.0,0.0109
1997-03-03,9.68,10.09,10.15,9.68,14415.0,星期一,-0.0021,0.0424
1997-02-28,9.46,9.7,9.72,9.3,4622.0,星期五,-0.0021,0.0254
1997-02-27,9.64,9.48,9.76,9.48,4806.0,星期四,-0.0072,-0.0166
1997-02-26,9.6,9.71,9.71,9.4,5622.0,星期三,-0.0031,0.0115
1997-02-25,9.68,9.63,9.86,9.5,6003.0,星期二,0.0041,-0.0052
1997-02-24,9.9,9.64,10.16,9.5,11672.0,星期一,0.001,-0.0263
1997-02-21,9.48,9.89,9.89,9.36,17929.0,星期五,0.0042,0.0432
1997-02-20,8.22,9.44,9.59,8.22,16433.0,星期四,-0.0997,0.1484
1997-02-19,8.65,9.13,9.18,8.64,4869.0,星期三,0.02,0.0555
1997-02-18,9.0,8.48,9.45,8.3,6379.0,星期二,-0.0132,-0.0578
1997-02-17,8.99,9.12,9.17,8.85,2821.0,星期一,0.0067,0.0145
1997-01-31,8.88,8.93,9.01,8.88,3232.0,星期五,0.0,0.0056
1997-01-30,8.9,8.88,8.95,8.82,2304.0,星期四,-0.0022,-0.0022
1997-01-29,8.85,8.92,8.96,8.81,2782.0,星期三,-0.0034,0.0079
1997-01-28,8.95,8.88,8.95,8.75,2181.0,星期二,-0.0056,-0.0078
1997-01-27,8.85,9.0,9.07,8.7,3830.0,星期一,0.0137,0.0169
1997-01-24,8.7,8.73,8.78,8.62,1899.0,星期五,0.0,0.0034
1997-01-23,8.7,8.7,8.72,8.59,1646.0,星期四,0.0035,0.0
1997-01-22,8.67,8.67,8.7,8.6,1433.0,星期三,0.0046,0.0
1997-01-21,8.6,8.63,8.8,8.6,3357.0,星期二,0.0058,0.0035
1997-01-20,8.53,8.55,8.59,8.5,1023.0,星期一,0.0024,0.0023
1997-01-17,8.5,8.51,8.6,8.45,1225.0,星期五,-0.0093,0.0012
1997-01-16,8.52,8.58,8.59,8.5,833.0,星期四,-0.0093,0.007
1997-01-15,8.45,8.6,8.62,8.45,880.0,星期三,-0.0035,0.0178
1997-01-14,8.67,8.48,8.69,8.46,1617.0,星期二,0.0,-0.0219
1997-01-13,8.6,8.67,8.75,8.55,2140.0,星期一,0.0047,0.0081
1997-01-10,8.51,8.56,8.63,8.5,1867.0,星期五,-0.0012,0.0059
1997-01-09,8.45,8.52,8.56,8.4,877.0,星期四,0.0084,0.0083
1997-01-08,8.4,8.38,8.48,8.3,830.0,星期三,0.0012,-0.0024
1997-01-07,8.2,8.39,8.44,8.15,1207.0,星期二,-0.0036,0.0232
1997-01-06,8.3,8.23,8.32,8.2,1524.0,星期一,-0.0166,-0.0084
1997-01-03,8.55,8.44,8.6,8.4,2248.0,星期五,0.0071,-0.0129
1997-01-02,8.4,8.49,8.6,8.4,1520.0,星期四,-0.0118,0.0107
1996-12-31,8.6,8.5,8.6,8.48,2317.0,星期二,-0.0092,-0.0116
1996-12-30,8.72,8.68,8.72,8.52,3785.0,星期一,0.014,-0.0046
1996-12-27,8.65,8.6,8.68,8.45,2115.0,星期五,0.0023,-0.0058
1996-12-26,8.5,8.63,8.65,8.4,2423.0,星期四,0.0083,0.0153
1996-12-25,8.35,8.43,8.57,8.2,2218.0,星期三,0.0,0.0096
1996-12-24,8.65,8.35,8.78,8.35,2866.0,星期二,0.0,-0.0347
1996-12-23,8.75,8.65,8.75,8.53,3444.0,星期一,0.027,-0.0114
1996-12-20,8.25,8.52,8.6,8.25,5280.0,星期五,0.0,0.0327
1996-12-19,9.1,8.25,9.1,8.24,7043.0,星期四,-0.0055,-0.0934
1996-12-18,8.09,9.15,9.18,8.09,7717.0,星期三,-0.0346,0.131
1996-12-17,8.38,8.38,8.98,8.38,6769.0,星期二,-0.0999,0.0
1996-12-16,9.31,9.31,9.31,9.31,3317.0,星期一,-0.0996,0.0
1996-12-13,10.79,10.34,10.95,10.34,6580.0,星期五,-0.0155,-0.0417
1996-12-12,11.65,10.96,11.7,10.81,10842.0,星期四,0.0,-0.0592
1996-12-11,11.51,11.65,11.8,11.4,9756.0,星期三,-0.0035,0.0122
1996-12-10,12.1,11.55,12.1,11.28,15646.0,星期二,-0.0122,-0.0455
1996-12-09,12.35,12.25,12.55,12.08,18557.0,星期一,0.0123,-0.0081
1996-12-06,11.7,12.2,12.22,11.5,23983.0,星期五,-0.0085,0.0427
1996-12-05,11.8,11.8,11.89,11.55,19045.0,星期四,0.027,0.0
1996-12-04,11.28,11.49,11.49,11.01,16303.0,星期三,-0.0027,0.0186
1996-12-03,11.2,11.31,11.9,10.61,37361.0,星期二,0.02,0.0098
1996-12-02,10.15,10.98,11.0,10.15,12269.0,星期一,0.013,0.0818
1996-11-29,9.68,10.02,10.06,9.65,6211.0,星期五,0.0,0.0351
1996-11-28,9.68,9.68,9.76,9.5,2778.0,星期四,0.0104,0.0
1996-11-27,9.44,9.58,9.88,9.38,3862.0,星期三,0.0,0.0148
1996-11-26,9.6,9.44,9.7,9.0,2075.0,星期二,0.0127,-0.0167
1996-11-25,9.2,9.48,9.48,9.09,2208.0,星期一,-0.0022,0.0304
1996-11-22,9.2,9.22,9.35,9.05,2668.0,星期五,-0.0054,0.0022
1996-11-21,10.0,9.25,10.0,9.03,2256.0,星期四,0.006,-0.075
1996-11-20,10.0,9.94,10.1,9.8,2410.0,星期三,-0.0099,-0.006
1996-11-19,10.2,10.1,10.35,10.0,5972.0,星期二,0.0282,-0.0098
1996-11-18,9.5,9.92,9.99,9.31,3729.0,星期一,0.0053,0.0442
1996-11-15,9.58,9.45,9.6,9.01,1587.0,星期五,0.0,-0.0136
1996-11-14,9.5,9.58,9.65,9.47,1969.0,星期四,-0.0021,0.0084
1996-11-13,9.6,9.52,9.69,9.45,1635.0,星期三,0.0084,-0.0083
1996-11-12,9.65,9.52,9.71,9.52,1413.0,星期二,0.0063,-0.0135
1996-11-11,9.3,9.59,9.59,9.3,1112.0,星期一,-0.0211,0.0312
1996-11-08,9.5,9.5,9.56,9.3,1228.0,星期五,0.0074,0.0
1996-11-07,9.32,9.43,9.5,9.24,1343.0,星期四,0.0022,0.0118
1996-11-06,9.55,9.3,9.55,9.15,1638.0,星期三,0.0,-0.0262
1996-11-05,9.72,9.55,9.76,9.5,1626.0,星期二,0.0021,-0.0175
1996-11-04,9.63,9.7,9.72,9.58,2018.0,星期一,0.0031,0.0073
1996-11-01,9.75,9.6,9.98,9.3,5112.0,星期五,-0.0327,-0.0154
1996-10-31,10.1,10.08,10.18,9.85,4985.0,星期四,0.012,-0.002
1996-10-30,10.51,9.98,10.75,9.91,6760.0,星期三,-0.0196,-0.0504
1996-10-29,11.49,10.72,11.49,10.55,11015.0,星期二,0.0222,-0.067
1996-10-28,11.0,11.24,11.5,10.8,15229.0,星期一,0.0185,0.0218
1996-10-25,10.31,10.8,10.9,10.31,15542.0,星期五,-0.0106,0.0475
1996-10-24,10.65,10.42,10.75,10.3,9786.0,星期四,-0.0093,-0.0216
1996-10-23,10.22,10.75,10.76,10.18,13427.0,星期三,0.0039,0.0519
1996-10-22,10.8,10.18,10.8,10.0,11355.0,星期二,0.0811,-0.0574
1996-10-21,10.2,9.99,10.3,9.94,4438.0,星期一,-0.0097,-0.0206
1996-10-18,10.59,10.3,10.59,10.18,6865.0,星期五,0.0095,-0.0274
1996-10-17,10.4,10.49,10.55,10.2,3137.0,星期四,-0.0095,0.0087
1996-10-16,10.8,10.5,10.85,10.21,5638.0,星期三,0.0047,-0.0278
1996-10-15,10.9,10.75,11.0,10.52,8732.0,星期二,0.0093,-0.0138
1996-10-14,10.88,10.8,10.9,10.51,13698.0,星期一,0.0362,-0.0074
1996-10-11,9.88,10.5,11.0,9.88,17582.0,星期五,0.0165,0.0628
1996-10-10,9.69,9.72,9.83,9.58,2281.0,星期四,0.0115,0.0031
1996-10-09,9.9,9.58,9.98,9.58,2525.0,星期三,0.0,-0.0323
1996-10-08,9.85,9.9,9.98,9.83,4846.0,星期二,0.0123,0.0051
1996-10-07,9.61,9.73,10.0,9.61,7695.0,星期一,0.0169,0.0125
1996-10-04,9.15,9.45,9.85,9.15,7371.0,星期五,0.011,0.0328
1996-10-03,9.5,9.05,9.58,9.05,2046.0,星期四,0.0394,-0.0474
1996-09-27,9.1,9.14,9.3,9.02,2261.0,星期五,0.0055,0.0044
1996-09-26,9.0,9.05,9.08,8.71,1913.0,星期四,0.0056,0.0056
1996-09-25,9.3,8.95,9.51,8.8,1776.0,星期三,0.0,-0.0376
1996-09-24,9.4,9.3,9.6,9.2,4802.0,星期二,0.0217,-0.0106
1996-09-23,8.99,9.2,9.25,8.9,2955.0,星期一,0.0158,0.0234
1996-09-20,8.7,8.85,8.86,8.7,1436.0,星期五,0.0058,0.0172
1996-09-19,8.47,8.65,8.7,8.47,1757.0,星期四,-0.0151,0.0213
1996-09-18,8.74,8.6,8.8,8.58,1052.0,星期三,0.0,-0.016
1996-09-17,8.81,8.74,8.81,8.61,826.0,星期二,0.0057,-0.0079
1996-09-16,8.86,8.76,8.88,8.61,878.0,星期一,0.0,-0.0113
1996-09-13,8.7,8.86,8.86,8.51,1383.0,星期五,0.0116,0.0184
1996-09-12,8.86,8.6,8.9,8.6,1523.0,星期四,0.0302,-0.0293
1996-09-11,8.7,8.6,8.8,8.55,1202.0,星期三,0.0116,-0.0115
1996-09-10,8.85,8.6,8.9,8.6,1449.0,星期二,-0.0056,-0.0282
1996-09-09,9.0,8.9,9.1,8.8,1165.0,星期一,0.0,-0.0111
1996-09-06,9.08,9.0,9.48,8.95,883.0,星期五,-0.0109,-0.0088
1996-09-05,9.2,9.18,9.49,9.1,2101.0,星期四,-0.0086,-0.0022
1996-09-04,9.0,9.28,9.38,9.0,1661.0,星期三,0.0,0.0311
1996-09-03,9.2,9.0,9.38,9.0,1256.0,星期二,-0.0086,-0.0217
1996-09-02,9.5,9.28,9.55,9.18,1334.0,星期一,0.0053,-0.0232
1996-08-30,9.3,9.45,9.48,9.3,1743.0,星期五,-0.0053,0.0161
1996-08-29,9.34,9.35,9.56,9.3,1386.0,星期四,0.0,0.0011
1996-08-28,10.2,9.34,10.2,9.11,1424.0,星期三,0.1617,-0.0843
1996-08-27,8.7,8.78,8.8,8.5,1987.0,星期二,0.0,0.0092
1996-08-26,9.4,8.7,9.45,8.68,2328.0,星期一,-0.0157,-0.0745
1996-08-23,10.0,9.55,10.0,9.0,2337.0,星期五,0.0121,-0.045
1996-08-22,10.1,9.88,10.2,9.88,1404.0,星期四,0.007,-0.0218
1996-08-21,10.0,10.03,10.25,9.92,1166.0,星期三,0.0101,0.003
1996-08-20,9.98,9.9,10.1,9.9,1737.0,星期二,-0.003,-0.008
1996-08-19,10.2,10.01,10.29,10.01,1460.0,星期一,0.0,-0.0186
1996-08-16,10.35,10.2,10.35,10.11,2026.0,星期五,0.0,-0.0145
1996-08-15,10.45,10.35,10.55,10.35,1984.0,星期四,0.0019,-0.0096
1996-08-14,10.56,10.43,10.7,10.32,2010.0,星期三,0.0009,-0.0123
1996-08-13,10.85,10.55,10.88,10.52,3341.0,星期二,0.0,-0.0276
1996-08-12,10.9,10.85,11.0,10.7,4621.0,星期一,0.0102,-0.0046
1996-08-09,10.6,10.79,11.1,10.6,10073.0,星期五,0.0086,0.0179
1996-08-08,10.45,10.51,10.77,10.35,3743.0,星期四,0.0,0.0057
1996-08-07,10.37,10.45,10.68,10.3,3565.0,星期三,0.0,0.0077
1996-08-06,10.29,10.37,10.48,10.21,1644.0,星期二,0.0029,0.0078
1996-08-05,10.32,10.26,10.48,10.18,1259.0,星期一,0.0078,-0.0058
1996-08-02,10.51,10.24,10.55,10.13,2694.0,星期五,0.0106,-0.0257
1996-08-01,10.2,10.4,10.8,9.96,6821.0,星期四,0.0049,0.0196
1996-07-31,10.38,10.15,10.4,10.0,3240.0,星期三,-0.0019,-0.0222
1996-07-30,10.8,10.4,10.8,10.38,1373.0,星期二,-0.0357,-0.037
1996-07-29,10.95,11.2,11.2,10.71,3517.0,星期一,0.0186,0.0228
1996-07-26,11.4,10.75,11.4,10.5,3950.0,星期五,0.0088,-0.057
1996-07-25,11.6,11.3,11.7,11.28,4291.0,星期四,0.0087,-0.0259
1996-07-24,11.6,11.5,11.8,11.38,3255.0,星期三,0.0376,-0.0086
1996-07-23,11.7,11.18,11.7,11.15,4299.0,星期二,0.013,-0.0444
1996-07-22,11.8,11.55,12.1,11.21,12924.0,星期一,0.0043,-0.0212
1996-07-19,10.25,11.75,11.8,10.25,19265.0,星期五,-0.001,0.1463
1996-07-18,10.1,10.26,10.3,10.1,1448.0,星期四,0.0,0.0158
1996-07-17,10.58,10.1,10.6,10.1,3315.0,星期三,0.0292,-0.0454
1996-07-16,9.9,10.28,10.3,9.9,1939.0,星期二,0.001,0.0384
1996-07-15,9.81,9.89,10.1,9.8,1876.0,星期一,-0.0141,0.0082
1996-07-12,9.89,9.95,10.0,9.81,1745.0,星期五,-0.011,0.0061
1996-07-11,10.2,10.0,10.3,9.98,2306.0,星期四,0.0129,-0.0196
1996-07-10,9.8,10.07,10.3,9.6,3702.0,星期三,0.0,0.0276
1996-07-09,9.9,9.8,9.98,9.7,3375.0,星期二,-0.003,-0.0101
1996-07-08,10.12,9.93,10.22,9.81,3824.0,星期一,0.0,-0.0188
1996-07-05,10.11,10.12,10.35,9.81,3122.0,星期五,0.003,0.001
1996-07-04,10.3,10.08,10.6,10.02,2383.0,星期四,0.0029,-0.0214
1996-07-03,10.12,10.27,10.7,10.12,1472.0,星期三,-0.0069,0.0148
1996-07-02,10.18,10.19,10.26,10.05,1838.0,星期二,-0.002,0.001
1996-07-01,10.5,10.2,10.6,10.11,3652.0,星期一,-0.0323,-0.0286
1996-06-28,11.1,10.85,11.1,9.4,2361.0,星期五,0.0,-0.0225
1996-06-27,11.2,11.1,11.48,10.9,1742.0,星期四,0.0182,-0.0089
1996-06-26,10.8,11.0,11.0,10.78,1846.0,星期三,-0.0092,0.0185
1996-06-25,10.86,10.9,11.0,10.55,1976.0,星期二,-0.026,0.0037
1996-06-24,11.26,11.15,11.3,11.01,2261.0,星期一,-0.0088,-0.0098
1996-06-21,11.5,11.36,11.5,11.3,2017.0,星期五,0.0123,-0.0122
1996-06-20,11.25,11.36,11.6,11.25,4077.0,星期四,-0.0175,0.0098
1996-06-19,11.3,11.45,11.89,11.21,9465.0,星期三,-0.0079,0.0133
1996-06-18,10.8,11.39,11.39,10.6,6144.0,星期二,0.0,0.0546
1996-06-17,10.38,10.8,11.38,10.38,2950.0,星期一,-0.0879,0.0405
1996-06-14,11.5,11.38,11.79,11.3,5608.0,星期五,-0.0009,-0.0104
1996-06-13,11.7,11.51,11.85,11.4,7097.0,星期四,-0.0168,-0.0162
1996-06-12,11.1,11.9,12.38,11.0,14980.0,星期三,0.0082,0.0721
1996-06-11,11.35,11.01,11.5,10.93,4228.0,星期二,0.0044,-0.03
1996-06-10,11.3,11.3,11.45,10.65,4912.0,星期一,0.0,0.0
1996-06-07,11.5,11.3,11.5,11.13,4734.0,星期五,0.0426,-0.0174
1996-06-06,11.3,11.03,11.65,10.88,4809.0,星期四,0.0107,-0.0239
1996-06-05,10.78,11.18,11.2,10.55,3268.0,星期三,0.0075,0.0371
1996-06-04,10.51,10.7,10.9,10.32,1261.0,星期二,-0.0178,0.0181
1996-06-03,11.08,10.7,11.13,10.3,665.0,星期一,0.0231,-0.0343
1996-05-31,10.9,10.83,10.98,10.55,2137.0,星期五,-0.0073,-0.0064
1996-05-29,11.0,10.98,11.05,10.95,902.0,星期三,0.0046,-0.0018
1996-05-28,11.0,10.95,11.3,10.9,751.0,星期二,0.0018,-0.0045
1996-05-27,10.85,10.98,11.44,10.76,1238.0,星期一,0.0046,0.012
1996-05-24,10.91,10.8,10.91,10.53,2402.0,星期五,-0.0037,-0.0101
1996-05-23,11.18,10.95,11.3,10.85,1519.0,星期四,-0.0106,-0.0206
1996-05-22,11.2,11.3,11.5,11.18,2591.0,星期三,-0.0167,0.0089
1996-05-21,11.61,11.39,11.9,11.32,2255.0,星期二,-0.0285,-0.0189
1996-05-20,12.28,11.95,12.6,11.58,4728.0,星期一,0.0082,-0.0269
1996-05-17,11.5,12.18,12.2,11.32,3243.0,星期五,-0.0017,0.0591
1996-05-16,11.55,11.52,11.82,11.45,2222.0,星期四,0.0087,-0.0026
1996-05-15,11.4,11.45,11.48,11.2,1572.0,星期三,-0.0018,0.0044
1996-05-14,11.42,11.42,11.6,11.3,1147.0,星期二,0.0018,0.0
1996-05-13,11.45,11.4,11.5,11.3,1188.0,星期一,0.0053,-0.0044
1996-05-10,11.5,11.39,11.5,11.3,1331.0,星期五,0.0,-0.0096
1996-05-09,11.48,11.5,11.75,11.4,1912.0,星期四,-0.0154,0.0017
1996-05-08,11.8,11.66,11.85,11.65,2041.0,星期三,0.0068,-0.0119
1996-05-07,11.88,11.72,12.05,11.6,3090.0,星期二,0.0017,-0.0135
1996-05-06,11.88,11.86,12.0,11.8,2580.0,星期一,-0.0017,-0.0017
1996-05-03,12.05,11.9,12.2,11.82,3394.0,星期五,-0.0115,-0.0124
1996-05-02,13.5,12.19,13.5,12.0,12886.0,星期四,0.0931,-0.097
1996-04-30,13.7,12.35,13.72,12.25,11397.0,星期二,0.0224,-0.0985
1996-04-29,13.2,13.4,13.88,12.99,15971.0,星期一,0.0377,0.0152
1996-04-26,11.9,12.72,12.86,11.9,17617.0,星期五,-0.0067,0.0689
1996-04-25,12.08,11.98,12.8,11.83,11655.0,星期四,-0.0017,-0.0083
1996-04-24,12.0,12.1,12.2,11.76,11777.0,星期三,0.0248,0.0083
1996-04-23,11.8,11.71,11.8,11.5,4838.0,星期二,-0.0042,-0.0076
1996-04-22,11.8,11.85,12.33,11.8,8291.0,星期一,-0.0492,0.0042
1996-04-19,12.1,12.41,12.45,11.81,7199.0,星期五,-0.0082,0.0256
1996-04-18,11.8,12.2,12.2,11.7,2192.0,星期四,-0.0067,0.0339
1996-04-17,11.78,11.88,12.2,11.78,3901.0,星期三,0.0077,0.0085
1996-04-16,11.6,11.69,11.69,11.6,1571.0,星期二,0.0017,0.0078
1996-04-15,11.5,11.58,11.79,11.5,1072.0,星期一,-0.0213,0.007
1996-04-12,11.8,11.75,11.85,11.74,2890.0,星期五,0.0172,-0.0042
1996-04-11,11.53,11.6,11.6,11.4,1089.0,星期四,0.0,0.0061
1996-04-10,11.52,11.53,11.62,11.5,973.0,星期三,0.0009,0.0009
1996-04-09,11.58,11.51,11.6,11.5,1540.0,星期二,-0.0034,-0.006
1996-04-08,11.65,11.62,11.8,11.5,3982.0,星期一,0.0,-0.0026
1996-04-05,11.4,11.65,11.72,11.4,3252.0,星期五,0.0053,0.0219
1996-04-04,11.4,11.34,11.4,11.22,754.0,星期四,0.0133,-0.0053
1996-04-03,11.12,11.25,11.35,11.12,881.0,星期三,-0.0063,0.0117
1996-04-02,11.48,11.19,11.48,11.19,2210.0,星期二,-0.0017,-0.0253
1996-04-01,11.2,11.5,11.8,11.2,10720.0,星期一,0.009,0.0268
1996-03-29,11.0,11.1,11.26,11.0,3627.0,星期五,0.0176,0.0091
1996-03-28,10.9,10.81,10.9,10.8,429.0,星期四,-0.0037,-0.0083
1996-03-27,10.8,10.94,10.94,10.8,520.0,星期三,-0.0092,0.013
1996-03-26,11.05,10.9,11.11,10.88,992.0,星期二,-0.0036,-0.0136
1996-03-25,11.0,11.09,11.15,11.0,512.0,星期一,0.0,0.0082
1996-03-22,11.0,11.0,11.1,10.9,509.0,星期五,-0.0009,0.0
1996-03-21,11.05,11.01,11.26,11.0,805.0,星期四,0.0027,-0.0036
1996-03-20,11.0,11.02,11.06,11.0,515.0,星期三,0.0,0.0018
1996-03-19,11.0,11.0,11.18,10.92,491.0,星期二,0.0,0.0
1996-03-18,10.82,11.0,11.1,10.82,424.0,星期一,-0.0208,0.0166
1996-03-15,11.0,11.05,11.1,10.9,575.0,星期五,-0.0117,0.0045
1996-03-14,11.15,11.13,11.29,11.0,601.0,星期四,0.0045,-0.0018
1996-03-13,11.1,11.1,11.5,10.8,746.0,星期三,-0.0045,0.0
1996-03-12,11.08,11.15,11.2,10.6,1237.0,星期二,-0.0089,0.0063
1996-03-11,11.25,11.18,11.45,10.81,1771.0,星期一,0.0054,-0.0062
1996-03-08,10.8,11.19,11.3,10.62,2627.0,星期五,-0.0046,0.0361
1996-03-07,10.7,10.85,10.85,10.61,1106.0,星期四,-0.0028,0.014
1996-03-06,11.15,10.73,11.5,10.68,1954.0,星期三,-0.0133,-0.0377
1996-03-05,11.45,11.3,11.75,11.01,3629.0,星期二,-0.0043,-0.0131
1996-03-04,11.4,11.5,11.54,11.0,8489.0,星期一,0.0517,0.0088
1996-02-16,10.6,10.84,10.9,10.6,2599.0,星期五,0.0057,0.0226
1996-02-15,10.39,10.54,10.54,10.3,1166.0,星期四,-0.001,0.0144
1996-02-14,10.31,10.4,10.5,10.26,781.0,星期三,-0.0029,0.0087
1996-02-13,10.2,10.34,10.37,10.15,943.0,星期二,0.0,0.0137
1996-02-12,10.11,10.2,10.2,10.03,404.0,星期一,-0.0079,0.0089
1996-02-09,10.24,10.19,10.28,10.03,762.0,星期五,-0.0039,-0.0049
1996-02-08,10.0,10.28,10.3,10.0,4532.0,星期四,0.001,0.028
1996-02-07,9.85,9.99,10.0,9.85,1027.0,星期三,-0.003,0.0142
1996-02-06,9.95,9.88,9.95,9.65,1089.0,星期二,-0.005,-0.007
1996-02-05,9.95,10.0,10.18,9.8,3332.0,星期一,0.001,0.005
1996-02-02,9.68,9.94,9.98,9.5,1403.0,星期五,0.0126,0.0269
1996-02-01,9.6,9.56,9.6,9.5,298.0,星期四,0.0,-0.0042
1996-01-31,9.5,9.6,9.62,9.5,537.0,星期三,-0.0104,0.0105
1996-01-30,9.6,9.6,9.61,9.5,454.0,星期二,0.0052,0.0
1996-01-29,9.7,9.55,9.71,9.55,345.0,星期一,0.0211,-0.0155
1996-01-26,9.38,9.5,9.8,9.38,400.0,星期五,-0.0126,0.0128
1996-01-25,9.5,9.5,9.8,9.4,906.0,星期四,0.0,0.0
1996-01-24,9.4,9.5,9.51,9.39,300.0,星期三,-0.0053,0.0106
1996-01-23,9.5,9.45,9.52,9.36,445.0,星期二,0.0085,-0.0053
1996-01-22,9.5,9.42,10.0,9.42,727.0,星期一,-0.0155,-0.0084
1996-01-19,9.58,9.65,9.69,9.5,1168.0,星期五,-0.0062,0.0073
1996-01-18,9.8,9.64,9.84,9.6,1281.0,星期四,-0.0161,-0.0163
1996-01-17,9.91,9.96,10.06,9.91,645.0,星期三,-0.0227,0.005
1996-01-16,10.24,10.14,10.24,9.95,819.0,星期二,0.0179,-0.0098
1996-01-15,10.0,10.06,10.2,9.8,787.0,星期一,-0.006,0.006
1996-01-12,10.03,10.06,10.1,10.0,673.0,星期五,0.003,0.003
1996-01-11,10.04,10.0,10.15,9.98,1308.0,星期四,-0.0059,-0.004
1996-01-10,10.15,10.1,10.3,10.0,899.0,星期三,-0.0193,-0.0049
1996-01-09,10.61,10.35,10.61,10.1,1071.0,星期二,0.0589,-0.0245
1996-01-08,9.9,10.02,10.04,9.9,1100.0,星期一,-0.0208,0.0121
1996-01-05,10.4,10.11,10.55,10.05,1614.0,星期五,0.0039,-0.0279
1996-01-04,10.17,10.36,10.4,10.17,927.0,星期四,-0.0029,0.0187
1996-01-03,9.99,10.2,10.33,9.95,1375.0,星期三,-0.0225,0.021
1996-01-02,10.1,10.22,10.4,10.1,1004.0,星期二,-0.0499,0.0119
1995-12-29,10.58,10.63,10.7,10.5,1013.0,星期五,-0.0019,0.0047
1995-12-28,10.75,10.6,10.9,10.6,814.0,星期四,-0.0028,-0.014
1995-12-27,10.69,10.78,10.88,10.69,863.0,星期三,-0.0102,0.0084
1995-12-26,10.73,10.8,10.96,10.6,615.0,星期二,-0.0092,0.0065
1995-12-25,10.92,10.83,10.92,10.81,1097.0,星期一,-0.0153,-0.0082
1995-12-22,11.16,11.09,11.29,10.9,1839.0,星期五,-0.0036,-0.0063
1995-12-21,11.35,11.2,11.45,11.2,758.0,星期四,0.0018,-0.0132
1995-12-20,11.2,11.33,11.48,11.2,919.0,星期三,0.0036,0.0116
1995-12-19,11.25,11.16,11.43,11.16,1101.0,星期二,0.0,-0.008
1995-12-18,11.5,11.25,11.5,11.24,1576.0,星期一,-0.0061,-0.0217
1995-12-15,11.53,11.57,11.73,11.53,1105.0,星期五,-0.0128,0.0035
1995-12-14,11.75,11.68,11.77,11.65,1047.0,星期四,0.0009,-0.006
1995-12-13,12.15,11.74,12.15,11.68,1813.0,星期三,-0.0025,-0.0337
1995-12-12,11.75,12.18,12.38,11.45,3627.0,星期二,-0.0042,0.0366
1995-12-11,12.15,11.8,12.24,11.8,2007.0,星期一,-0.009,-0.0288
1995-12-08,12.2,12.26,12.4,12.18,1033.0,星期五,0.0025,0.0049
1995-12-07,12.13,12.17,12.25,12.13,331.0,星期四,-0.0016,0.0033
1995-12-06,12.2,12.15,12.25,12.09,802.0,星期三,-0.0008,-0.0041
1995-12-05,12.28,12.21,12.3,12.2,832.0,星期二,0.0,-0.0057
1995-12-04,12.28,12.28,12.39,12.19,779.0,星期一,0.0024,0.0
1995-12-01,12.1,12.25,12.32,12.01,1215.0,星期五,-0.0226,0.0124
1995-11-30,12.1,12.38,12.55,12.1,1884.0,星期四,-0.0041,0.0231
1995-11-29,12.38,12.15,12.38,12.1,1651.0,星期三,-0.008,-0.0186
1995-11-28,12.21,12.48,12.5,12.05,2034.0,星期二,0.0008,0.0221
1995-11-27,12.05,12.2,12.32,12.05,1213.0,星期一,-0.0107,0.0124
1995-11-24,12.15,12.18,12.25,12.08,1455.0,星期五,0.0058,0.0025
1995-11-23,12.08,12.08,12.3,12.01,1481.0,星期四,0.0,0.0
1995-11-22,12.4,12.08,12.48,12.0,1799.0,星期三,0.0049,-0.0258
1995-11-21,12.31,12.34,12.47,12.31,813.0,星期二,0.0008,0.0024
1995-11-20,12.1,12.3,12.4,12.06,1403.0,星期一,-0.0147,0.0165
1995-11-17,12.4,12.28,12.4,12.11,1904.0,星期五,-0.0056,-0.0097
1995-11-16,12.6,12.47,12.6,12.42,2433.0,星期四,0.004,-0.0103
1995-11-15,12.68,12.55,12.68,12.23,2122.0,星期三,0.0032,-0.0103
1995-11-14,12.6,12.64,12.69,12.55,2026.0,星期二,-0.0032,0.0032
1995-11-13,12.8,12.64,12.8,12.54,3604.0,星期一,-0.0078,-0.0125
1995-11-10,13.1,12.9,13.1,12.9,2037.0,星期五,0.0031,-0.0153
1995-11-09,13.0,13.06,13.4,12.6,4712.0,星期四,-0.0122,0.0046
1995-11-08,13.3,13.16,13.39,12.95,7495.0,星期三,-0.0148,-0.0105
1995-11-07,13.45,13.5,13.74,13.45,7318.0,星期二,-0.0022,0.0037
1995-11-06,13.36,13.48,13.55,13.3,6216.0,星期一,0.0075,0.009
1995-11-03,13.08,13.26,13.3,13.08,5239.0,星期五,-0.0008,0.0138
1995-11-02,13.13,13.09,13.24,13.01,3122.0,星期四,-0.0015,-0.003
1995-11-01,12.9,13.15,13.24,12.85,5342.0,星期三,-0.0039,0.0194
1995-10-31,12.86,12.95,13.18,12.8,6275.0,星期二,0.0008,0.007
1995-10-30,12.8,12.85,12.94,12.65,5246.0,星期一,0.0039,0.0039
1995-10-27,13.01,12.75,13.2,12.65,10595.0,星期五,-0.0144,-0.02
1995-10-26,13.9,13.2,13.95,13.1,19623.0,星期四,-0.0121,-0.0504
1995-10-25,14.5,14.07,14.88,13.88,44069.0,星期三,0.0615,-0.0297
1995-10-24,13.4,13.66,13.7,13.18,17258.0,星期二,0.0022,0.0194
1995-10-23,13.35,13.37,13.85,13.15,44766.0,星期一,0.0038,0.0015
1995-10-20,12.1,13.3,13.38,12.1,20345.0,星期五,0.0,0.0992
1995-10-19,12.39,12.1,12.6,12.03,10402.0,星期四,0.0114,-0.0234
1995-10-18,12.2,12.25,12.38,12.01,7179.0,星期三,-0.0016,0.0041
1995-10-17,12.0,12.22,12.6,11.98,23316.0,星期二,-0.018,0.0183
1995-10-16,12.0,12.22,12.6,11.98,23316.0,星期一,0.0204,0.0183
1995-10-13,11.35,11.76,11.9,11.26,14359.0,星期五,0.0089,0.0361
1995-10-12,11.35,11.25,11.54,11.23,5425.0,星期四,0.0062,-0.0088
1995-10-11,11.3,11.28,11.39,11.1,5450.0,星期三,-0.0088,-0.0018
1995-10-10,11.39,11.4,11.8,11.3,4340.0,星期二,-0.0087,0.0009
1995-10-09,11.79,11.49,11.8,11.38,6135.0,星期一,-0.0067,-0.0254
1995-10-06,11.31,11.87,12.5,11.3,20110.0,星期五,-0.0131,0.0495
1995-10-05,11.3,11.46,11.47,11.12,2276.0,星期四,0.0107,0.0142
1995-10-04,11.46,11.18,11.5,11.0,658.0,星期三,0.0053,-0.0244
1995-09-29,11.01,11.4,11.45,11.01,3213.0,星期五,-0.0213,0.0354
1995-09-28,10.99,11.25,11.34,10.8,3793.0,星期四,-0.0063,0.0237
1995-09-27,11.49,11.06,11.49,11.01,5602.0,星期三,-0.0171,-0.0374
1995-09-26,11.5,11.69,11.75,11.47,1910.0,星期二,-0.0086,0.0165
1995-09-25,11.7,11.6,11.7,11.45,4168.0,星期一,-0.0152,-0.0085
1995-09-22,11.9,11.88,11.99,11.85,2532.0,星期五,-0.005,-0.0017
1995-09-21,11.92,11.96,12.1,11.9,2354.0,星期四,0.0,0.0034
1995-09-20,11.79,11.92,12.2,11.65,3676.0,星期三,-0.0076,0.011
1995-09-19,12.47,11.88,12.57,11.84,4763.0,星期二,0.0073,-0.0473
1995-09-18,12.52,12.38,12.57,12.3,3765.0,星期一,-0.004,-0.0112
1995-09-15,12.2,12.57,12.65,12.15,5592.0,星期五,-0.0113,0.0303
1995-09-14,12.7,12.34,12.75,12.2,6039.0,星期四,-0.0039,-0.0283
1995-09-13,13.0,12.75,13.09,12.4,8126.0,星期三,0.0008,-0.0192
1995-09-12,13.5,12.99,13.78,12.73,11844.0,星期二,0.0097,-0.0378
1995-09-11,13.49,13.37,13.5,12.89,22021.0,星期一,-0.4004,-0.0089
1995-09-08,22.38,22.5,22.89,22.11,17983.0,星期五,0.0058,0.0054
1995-09-07,22.5,22.25,22.5,22.1,8571.0,星期四,0.0,-0.0111
1995-09-06,22.08,22.5,22.54,22.06,5734.0,星期三,0.0055,0.019
1995-09-05,22.2,21.96,22.3,21.76,9131.0,星期二,0.0005,-0.0108
1995-09-04,22.01,22.19,22.75,22.0,27747.0,星期一,0.0633,0.0082
1995-09-01,20.3,20.7,20.76,20.1,5518.0,星期五,0.0,0.0197
1995-08-31,19.59,20.3,20.3,19.59,1199.0,星期四,-0.0056,0.0362
1995-08-30,19.85,19.7,19.98,19.65,1829.0,星期三,-0.0035,-0.0076
1995-08-29,20.26,19.92,20.54,19.92,1253.0,星期二,0.002,-0.0168
1995-08-28,20.29,20.22,20.39,20.2,1038.0,星期一,-0.0054,-0.0034
1995-08-25,20.81,20.4,20.83,20.2,3306.0,星期五,0.0053,-0.0197
1995-08-24,20.7,20.7,20.85,20.4,3686.0,星期四,0.0,0.0
1995-08-23,20.43,20.7,21.26,20.4,7628.0,星期三,0.0079,0.0132
1995-08-22,20.0,20.27,20.35,19.8,3598.0,星期二,0.0,0.0135
1995-08-21,20.14,20.0,20.38,19.9,4092.0,星期一,-0.002,-0.007
1995-08-18,20.0,20.18,20.48,19.9,6360.0,星期五,0.0005,0.009
1995-08-17,19.89,19.99,20.18,19.88,5015.0,星期四,-0.003,0.005
1995-08-16,19.3,19.95,20.25,19.3,5184.0,星期三,-0.0108,0.0337
1995-08-15,20.19,19.51,20.19,19.51,3139.0,星期二,0.007,-0.0337
1995-08-14,19.66,20.05,20.48,19.01,6521.0,星期一,-0.002,0.0198
1995-08-11,19.8,19.7,20.02,19.55,3739.0,星期五,0.0,-0.0051
1995-08-10,19.78,19.8,19.97,19.48,3820.0,星期四,-0.001,0.001
1995-08-09,19.9,19.8,19.98,19.6,2336.0,星期三,0.0005,-0.005
1995-08-08,20.19,19.89,20.28,19.75,3468.0,星期二,0.005,-0.0149
1995-08-07,19.95,20.09,20.2,19.95,5248.0,星期一,-0.0065,0.007
1995-08-04,19.7,20.08,20.2,19.68,4576.0,星期五,0.0051,0.0193
1995-08-03,19.18,19.6,19.6,19.18,3842.0,星期四,-0.0103,0.0219
1995-08-02,20.02,19.38,20.2,19.31,8855.0,星期三,0.0106,-0.032
1995-08-01,19.0,19.81,20.0,19.0,7690.0,星期二,-0.0063,0.0426
1995-07-31,19.0,19.12,19.45,18.8,4262.0,星期一,0.0106,0.0063
1995-07-28,19.0,18.8,19.0,18.45,13191.0,星期五,0.016,-0.0105
1995-07-27,18.6,18.7,18.9,18.6,1482.0,星期四,-0.0053,0.0054
1995-07-26,18.6,18.7,19.28,18.6,2342.0,星期三,0.0054,0.0054
1995-07-25,18.5,18.5,18.99,18.46,2226.0,星期二,-0.016,0.0
1995-07-24,19.2,18.8,19.5,18.7,2825.0,星期一,0.0132,-0.0208
1995-07-21,18.8,18.95,19.1,18.55,1023.0,星期五,0.0027,0.008
1995-07-20,18.9,18.75,18.92,18.61,1234.0,星期四,0.0027,-0.0079
1995-07-19,19.4,18.85,19.4,18.81,3096.0,星期三,0.0057,-0.0284
1995-07-18,19.35,19.29,19.65,19.1,3257.0,星期二,-0.0117,-0.0031
1995-07-17,18.85,19.58,20.0,18.85,8642.0,星期一,-0.0026,0.0387
1995-07-14,19.06,18.9,19.2,18.85,1611.0,星期五,0.0005,-0.0084
1995-07-13,19.08,19.05,19.08,18.85,1682.0,星期四,0.0122,-0.0016
1995-07-12,18.51,18.85,19.05,18.5,1650.0,星期三,-0.0196,0.0184
1995-07-11,19.4,18.88,19.55,18.61,3857.0,星期二,-0.0051,-0.0268
1995-07-10,18.7,19.5,19.53,18.48,12258.0,星期一,0.0054,0.0428
1995-07-07,18.22,18.6,18.6,18.19,6376.0,星期五,0.0016,0.0209
1995-07-06,18.4,18.19,18.58,17.85,2694.0,星期四,0.0055,-0.0114
1995-07-05,18.04,18.3,18.48,17.94,2105.0,星期三,0.0,0.0144
1995-07-04,17.99,18.04,18.05,17.7,1643.0,星期二,0.0164,0.0028
1995-07-03,17.58,17.7,18.0,17.38,2942.0,星期一,0.0046,0.0068
1995-06-30,17.38,17.5,17.58,17.0,1541.0,星期五,-0.004,0.0069
1995-06-29,17.54,17.45,17.68,17.4,663.0,星期四,-0.0006,-0.0051
1995-06-28,17.4,17.55,17.55,17.38,509.0,星期三,-0.0063,0.0086
1995-06-27,17.99,17.51,18.08,17.5,1576.0,星期二,0.0107,-0.0267
1995-06-26,17.6,17.8,17.85,17.48,1195.0,星期一,0.0,0.0114
1995-06-23,17.4,17.6,17.73,17.37,2028.0,星期五,0.0181,0.0115
1995-06-22,17.3,17.09,17.3,17.02,518.0,星期四,0.0029,-0.0121
1995-06-21,17.18,17.25,17.29,17.15,1412.0,星期三,-0.0006,0.0041
1995-06-20,17.5,17.19,17.56,17.19,896.0,星期二,0.0151,-0.0177
1995-06-19,16.95,17.24,17.48,16.93,2332.0,星期一,-0.0029,0.0171
1995-06-16,16.98,17.0,17.2,16.85,2788.0,星期五,-0.007,0.0012
1995-06-15,18.45,17.1,18.45,16.95,7718.0,星期四,-0.0123,-0.0732
1995-06-14,19.28,18.68,19.28,18.2,2993.0,星期三,0.0047,-0.0311
1995-06-13,19.08,19.19,19.3,19.0,575.0,星期二,0.0005,0.0058
1995-06-12,19.0,19.07,19.4,18.9,1588.0,星期一,-0.0336,0.0037
1995-06-09,19.47,19.66,19.88,19.31,1154.0,星期五,0.0093,0.0098
1995-06-08,19.95,19.29,19.98,19.04,2893.0,星期四,-0.003,-0.0331
1995-06-07,19.04,20.01,20.01,18.75,2084.0,星期三,0.0,0.0509
1995-06-06,19.1,19.04,19.1,18.86,1547.0,星期二,-0.018,-0.0031
1995-06-05,20.1,19.45,20.2,19.45,1256.0,星期一,-0.005,-0.0323
1995-06-02,20.0,20.2,20.3,19.85,1583.0,星期五,0.0,0.01
1995-06-01,20.01,20.0,20.29,19.8,1584.0,星期四,0.0106,-0.0005
1995-05-31,20.0,19.8,20.0,19.36,1583.0,星期三,-0.0074,-0.01
1995-05-30,20.01,20.15,21.0,19.9,2334.0,星期二,0.0106,0.007
1995-05-29,20.0,19.8,20.3,19.31,1373.0,星期一,-0.0244,-0.01
1995-05-26,19.51,20.5,21.8,18.7,5609.0,星期五,-0.0146,0.0507
1995-05-25,21.1,19.8,21.18,19.61,3150.0,星期四,0.0052,-0.0616
1995-05-24,21.1,20.99,21.45,19.8,7269.0,星期三,0.0048,-0.0052
1995-05-23,21.1,21.0,22.48,20.62,19675.0,星期二,-0.1134,-0.0047
1995-05-22,25.0,23.8,25.3,22.7,18200.0,星期一,0.0684,-0.048
1995-05-19,21.3,23.4,23.6,21.08,25720.0,星期五,0.0066,0.0986
1995-05-18,20.0,21.16,21.19,18.6,29793.0,星期四,0.2369,0.058
1995-05-17,16.0,16.17,16.2,16.0,738.0,星期三,-0.005,0.0106
1995-05-16,16.05,16.08,16.2,15.88,1273.0,星期二,0.0038,0.0019
1995-05-15,15.8,15.99,15.99,15.68,1496.0,星期一,-0.0125,0.012
1995-05-12,15.53,16.0,16.25,15.5,3564.0,星期五,-0.0045,0.0303
1995-05-11,15.8,15.6,15.85,15.5,628.0,星期四,0.0161,-0.0127
1995-05-10,16.01,15.55,16.1,15.45,1136.0,星期三,0.0025,-0.0287
1995-05-09,15.8,15.97,15.98,15.8,734.0,星期二,0.0038,0.0108
1995-05-08,15.49,15.74,15.87,15.49,447.0,星期一,-0.0196,0.0161
1995-05-05,15.6,15.8,15.95,15.5,745.0,星期五,-0.0032,0.0128
1995-05-04,15.85,15.65,15.85,15.3,822.0,星期四,-0.0013,-0.0126
1995-05-03,16.02,15.87,16.1,15.8,1264.0,星期三,0.0025,-0.0094
1995-05-02,15.85,15.98,16.14,15.76,1159.0,星期二,-0.0094,0.0082
1995-04-28,15.79,16.0,16.07,15.5,4217.0,星期五,-0.0038,0.0133
1995-04-27,15.52,15.85,16.38,15.01,11778.0,星期四,-0.049,0.0213
1995-04-26,17.0,16.32,17.14,16.23,6571.0,星期三,-0.0087,-0.04
1995-04-25,17.0,17.15,17.31,16.83,2954.0,星期二,-0.0111,0.0088
1995-04-24,17.0,17.19,17.66,16.87,5528.0,星期一,-0.0503,0.0112
1995-04-21,18.0,17.9,18.07,17.78,4855.0,星期五,0.0,-0.0056
1995-04-20,17.53,18.0,18.18,17.33,7000.0,星期四,0.0081,0.0268
1995-04-19,17.18,17.39,17.43,17.03,2169.0,星期三,0.01,0.0122
1995-04-18,17.1,17.01,17.28,16.91,1491.0,星期二,-0.0144,-0.0053
1995-04-17,17.38,17.35,17.45,16.9,3072.0,星期一,0.0017,-0.0017
1995-04-14,16.98,17.35,17.35,16.8,3636.0,星期五,0.0041,0.0218
1995-04-13,17.3,16.91,17.6,16.9,3743.0,星期四,0.0,-0.0225
1995-04-12,16.86,17.3,17.49,16.86,4576.0,星期三,-0.0053,0.0261
1995-04-11,16.88,16.95,17.48,16.84,7567.0,星期二,-0.0106,0.0041
1995-04-10,17.24,17.06,17.35,17.0,3822.0,星期一,0.0023,-0.0104
1995-04-07,17.45,17.2,17.62,17.07,10203.0,星期五,0.0145,-0.0143
1995-04-06,16.32,17.2,17.27,16.25,10923.0,星期四,-0.0018,0.0539
1995-04-05,16.58,16.35,16.77,16.26,4263.0,星期三,-0.0054,-0.0139
1995-04-04,16.44,16.67,16.8,16.3,5064.0,星期二,-0.0126,0.014
1995-04-03,16.59,16.65,16.78,16.3,6344.0,星期一,0.0,0.0036
1995-03-31,16.3,16.59,16.65,16.02,9322.0,星期五,0.0,0.0178
1995-03-30,16.98,16.3,16.99,16.16,11391.0,星期四,-0.0297,-0.04
1995-03-29,16.5,17.5,17.5,15.75,6827.0,星期三,0.0123,0.0606
1995-03-27,15.8,16.3,16.5,15.8,9924.0,星期一,0.0194,0.0316
1995-03-24,14.9,15.5,15.58,14.8,11129.0,星期五,0.0102,0.0403
1995-03-23,14.95,14.75,15.12,14.66,8057.0,星期四,0.0034,-0.0134
1995-03-22,14.59,14.9,14.94,14.41,5828.0,星期三,0.0132,0.0212
1995-03-21,14.1,14.4,14.5,14.06,2974.0,星期二,-0.0091,0.0213
1995-03-20,14.4,14.23,15.15,14.18,8878.0,星期一,0.0105,-0.0118
1995-03-17,13.49,14.25,14.35,13.49,9679.0,星期五,-0.0022,0.0563
1995-03-16,13.1,13.52,13.52,13.1,1217.0,星期四,-0.0106,0.0321
1995-03-15,13.46,13.24,13.59,13.1,1866.0,星期三,0.0007,-0.0163
1995-03-14,13.35,13.45,13.63,13.2,2066.0,星期二,0.0038,0.0075
1995-03-13,13.48,13.3,13.58,13.25,1279.0,星期一,0.0228,-0.0134
1995-03-10,13.3,13.18,13.4,13.15,2236.0,星期五,-0.0082,-0.009
1995-03-09,13.5,13.41,13.8,13.39,3492.0,星期四,-0.0302,-0.0067
1995-03-08,13.8,13.92,14.1,13.51,5319.0,星期三,-0.0143,0.0087
1995-03-07,13.8,14.0,14.0,13.3,6626.0,星期二,0.0147,0.0145
1995-03-06,13.51,13.6,13.8,13.41,3904.0,星期一,0.0158,0.0067
1995-03-03,12.93,13.3,13.4,12.8,3369.0,星期五,0.0023,0.0286
1995-03-02,12.74,12.9,13.06,12.7,1845.0,星期四,-0.0008,0.0126
1995-03-01,12.44,12.75,12.8,12.35,1241.0,星期三,-0.0008,0.0249
1995-02-28,12.6,12.45,12.78,12.3,1085.0,星期二,-0.0141,-0.0119
1995-02-27,13.39,12.78,13.5,12.66,3907.0,星期一,0.0798,-0.0456
1995-02-24,13.61,12.4,13.65,12.2,3249.0,星期五,0.0081,-0.0889
1995-02-23,13.5,13.5,13.98,13.0,6649.0,星期四,-0.0217,0.0
1995-02-22,12.39,13.8,13.8,12.35,7318.0,星期三,-0.0048,0.1138
1995-02-21,11.98,12.45,12.5,11.75,2609.0,星期二,0.0283,0.0392
1995-02-20,11.28,11.65,11.8,11.28,1328.0,星期一,-0.0097,0.0328
1995-02-17,11.3,11.39,11.39,11.18,541.0,星期五,0.0053,0.008
1995-02-16,11.15,11.24,11.3,11.15,324.0,星期四,-0.0133,0.0081
1995-02-15,11.21,11.3,11.5,11.21,411.0,星期三,-0.0235,0.008
1995-02-14,11.38,11.48,11.5,11.23,693.0,星期二,0.0018,0.0088
1995-02-13,11.0,11.36,11.91,10.8,750.0,星期一,-0.0009,0.0327
1995-02-10,11.15,11.01,11.38,11.01,694.0,星期五,-0.0176,-0.0126
1995-02-09,10.99,11.35,11.35,10.88,518.0,星期四,0.0055,0.0328
1995-02-08,10.9,10.93,11.16,10.8,300.0,星期三,0.0037,0.0028
1995-02-07,10.6,10.86,10.94,10.6,391.0,星期二,-0.0284,0.0245
1995-02-06,11.45,10.91,11.82,10.91,561.0,星期一,0.0,-0.0472
1995-01-27,11.3,11.45,11.69,11.15,519.0,星期五,0.0071,0.0133
1995-01-26,11.3,11.22,11.35,11.19,522.0,星期四,-0.0131,-0.0071
1995-01-25,11.65,11.45,11.69,11.28,440.0,星期三,0.0383,-0.0172
1995-01-24,11.75,11.22,11.79,11.01,545.0,星期二,0.0,-0.0451
1995-01-23,11.99,11.75,12.03,11.72,798.0,星期一,0.0152,-0.02
1995-01-20,11.7,11.81,12.07,11.65,377.0,星期五,-0.0085,0.0094
1995-01-19,12.1,11.8,12.1,11.76,406.0,星期四,-0.0017,-0.0248
1995-01-18,12.1,12.12,12.15,11.96,306.0,星期三,0.0092,0.0017
1995-01-17,11.95,11.99,12.1,11.95,292.0,星期二,-0.0108,0.0033
1995-01-16,11.7,12.08,12.09,11.7,586.0,星期一,-0.0394,0.0325
1995-01-13,11.9,12.18,12.2,11.82,566.0,星期五,-0.0042,0.0235
1995-01-12,12.25,11.95,12.4,11.91,1472.0,星期四,0.0025,-0.0245
1995-01-11,12.75,12.22,12.75,12.18,606.0,星期三,0.0451,-0.0416
1995-01-10,12.1,12.2,12.25,12.0,804.0,星期二,-0.0147,0.0083
1995-01-09,12.4,12.28,12.4,12.2,797.0,星期一,-0.0112,-0.0097
1995-01-06,12.5,12.54,12.65,12.45,318.0,星期五,-0.0119,0.0032
1995-01-05,12.78,12.65,12.9,12.6,387.0,星期四,0.0039,-0.0102
1995-01-04,12.69,12.73,12.78,12.55,442.0,星期三,0.0152,0.0032
1995-01-03,12.5,12.5,12.77,11.81,243.0,星期二,-0.0157,0.0
1994-12-30,12.8,12.7,12.8,12.59,894.0,星期五,0.0159,-0.0078
1994-12-29,12.78,12.6,12.88,12.6,1047.0,星期四,0.0,-0.0141
1994-12-28,12.85,12.78,13.1,12.7,1278.0,星期三,-0.0039,-0.0054
1994-12-27,13.38,12.9,13.45,12.9,1736.0,星期二,0.0098,-0.0359
1994-12-26,13.35,13.25,13.69,13.08,1781.0,星期一,-0.0015,-0.0075
1994-12-23,13.3,13.37,13.88,13.3,8376.0,星期五,0.0091,0.0053
1994-12-22,13.2,13.18,13.48,12.85,2902.0,星期四,0.0076,-0.0015
1994-12-21,12.88,13.1,13.65,12.85,7959.0,星期三,-0.0077,0.0171
1994-12-20,12.88,12.98,13.14,12.62,1231.0,星期二,0.0321,0.0078
1994-12-19,13.2,12.48,13.3,12.48,1619.0,星期一,0.0,-0.0545
1994-12-16,12.85,13.2,13.6,12.61,6611.0,星期五,-0.0077,0.0272
1994-12-15,12.15,12.95,12.98,12.0,1579.0,星期四,0.0041,0.0658
1994-12-14,12.1,12.1,12.28,12.0,591.0,星期三,-0.0218,0.0
1994-12-13,12.31,12.37,12.39,11.98,846.0,星期二,0.0284,0.0049
1994-12-12,12.4,11.97,12.4,11.85,780.0,星期一,0.0,-0.0347
1994-12-09,12.28,12.4,12.48,12.18,824.0,星期五,0.0,0.0098
1994-12-08,12.42,12.28,12.43,12.23,355.0,星期四,0.0016,-0.0113
1994-12-07,12.5,12.4,12.6,12.38,503.0,星期三,0.0,-0.008
1994-12-06,12.31,12.5,12.55,12.31,771.0,星期二,-0.0215,0.0154
1994-12-05,12.88,12.58,12.88,12.55,841.0,星期一,-0.0062,-0.0233
1994-12-02,12.85,12.96,13.16,12.85,1617.0,星期五,0.0039,0.0086
1994-12-01,12.73,12.8,12.88,12.72,763.0,星期四,0.0024,0.0055
1994-11-30,12.6,12.7,12.9,12.51,1489.0,星期三,0.0008,0.0079
1994-11-29,12.28,12.59,12.59,12.28,523.0,星期二,-0.0176,0.0252
1994-11-28,12.5,12.5,12.64,12.4,321.0,星期一,-0.004,0.0
1994-11-25,12.94,12.55,12.94,12.55,1120.0,星期五,0.0394,-0.0301
1994-11-24,12.31,12.45,12.57,12.31,700.0,星期四,-0.0152,0.0114
1994-11-23,12.53,12.5,12.68,12.37,794.0,星期三,-0.0118,-0.0024
1994-11-22,12.97,12.68,12.98,12.65,884.0,星期二,0.0165,-0.0224
1994-11-21,12.6,12.76,12.88,12.35,482.0,星期一,-0.0125,0.0127
1994-11-18,12.5,12.76,12.77,12.5,1192.0,星期五,-0.0157,0.0208
1994-11-17,12.97,12.7,12.97,12.7,1374.0,星期四,0.0078,-0.0208
1994-11-16,12.9,12.87,13.05,12.7,1137.0,星期三,0.0,-0.0023
1994-11-15,13.04,12.9,13.3,12.85,3707.0,星期二,-0.0334,-0.0107
1994-11-14,13.55,13.49,13.68,13.2,4357.0,星期一,0.0074,-0.0044
1994-11-11,13.3,13.45,13.45,12.91,3024.0,星期五,0.0192,0.0113
1994-11-10,13.58,13.05,13.7,12.9,6103.0,星期四,0.0226,-0.039
1994-11-09,12.5,13.28,13.29,12.5,5424.0,星期三,-0.0347,0.0624
1994-11-08,12.8,12.95,13.56,12.51,9855.0,星期二,0.0381,0.0117
1994-11-07,11.88,12.33,12.42,11.71,3024.0,星期一,-0.0302,0.0379
1994-11-04,13.1,12.25,13.1,12.21,4194.0,星期五,-0.015,-0.0649
1994-11-03,12.48,13.3,13.3,12.21,5391.0,星期四,0.0188,0.0657
1994-11-02,12.29,12.25,12.36,12.12,1108.0,星期三,0.0,-0.0033
1994-11-01,12.19,12.29,12.5,12.12,1619.0,星期二,0.0158,0.0082
1994-10-31,11.9,12.0,12.19,11.65,1774.0,星期一,-0.048,0.0084
1994-10-28,12.8,12.5,12.8,12.4,3296.0,星期五,-0.0047,-0.0234
1994-10-27,12.5,12.86,12.99,12.32,2126.0,星期四,-0.004,0.0288
1994-10-26,13.01,12.55,13.4,12.25,6416.0,星期三,-0.0441,-0.0354
1994-10-25,14.8,13.61,14.87,13.51,10466.0,星期二,0.0082,-0.0804
1994-10-24,13.69,14.68,14.7,13.5,12095.0,星期一,0.045,0.0723
1994-10-21,13.45,13.1,13.75,13.0,14622.0,星期五,0.041,-0.026
1994-10-20,11.8,12.92,13.1,11.8,7818.0,星期四,0.0172,0.0949
1994-10-19,11.39,11.6,11.69,11.1,3166.0,星期三,0.0355,0.0184
1994-10-18,11.31,11.0,11.39,11.0,1705.0,星期二,0.0235,-0.0274
1994-10-17,11.0,11.05,11.39,10.81,1595.0,星期一,-0.0818,0.0045
1994-10-14,10.99,11.98,12.08,10.32,4219.0,星期五,-0.036,0.0901
1994-10-13,13.02,11.4,13.08,11.38,5597.0,星期四,-0.0099,-0.1244
1994-10-12,13.01,13.15,13.49,12.85,4886.0,星期三,0.0164,0.0108
1994-10-11,12.47,12.8,12.9,12.47,3755.0,星期二,-0.0024,0.0265
1994-10-10,12.5,12.5,13.08,11.25,7711.0,星期一,-0.0537,0.0
1994-10-07,11.59,13.21,14.0,9.81,7858.0,星期五,-0.0244,0.1398
1994-10-06,13.5,11.88,13.6,11.88,3870.0,星期四,0.0449,-0.12
1994-10-05,13.8,12.92,14.18,12.0,5577.0,星期三,-0.0417,-0.0638
1994-09-30,14.72,14.4,15.18,14.28,6990.0,星期五,-0.0379,-0.0217
1994-09-29,17.0,15.3,17.19,15.08,5782.0,星期四,0.0119,-0.1
1994-09-28,16.2,16.8,16.92,16.2,6306.0,星期三,0.0112,0.037
1994-09-27,15.99,16.02,16.18,15.7,2424.0,星期二,-0.0099,0.0019
1994-09-26,15.8,16.15,16.4,15.5,3865.0,星期一,-0.0125,0.0222
1994-09-23,17.1,16.0,17.1,15.9,5298.0,星期五,-0.0058,-0.0643
1994-09-22,18.18,17.2,18.38,17.0,5780.0,星期四,-0.0005,-0.0539
1994-09-21,17.39,18.19,18.19,17.25,3427.0,星期三,0.0229,0.046
1994-09-20,17.01,17.0,17.44,16.52,3825.0,星期二,-0.0196,-0.0006
1994-09-19,17.98,17.35,18.15,17.3,3314.0,星期一,-0.0328,-0.035
1994-09-16,18.5,18.59,18.8,18.0,4331.0,星期五,-0.0048,0.0049
1994-09-15,18.69,18.59,19.0,17.4,5840.0,星期四,0.0,-0.0054
1994-09-14,20.0,18.69,20.15,18.52,9295.0,星期三,-0.0074,-0.0655
1994-09-13,20.18,20.15,21.3,19.88,19968.0,星期二,0.0296,-0.0015
1994-09-12,19.5,19.6,19.8,18.5,12625.0,星期一,0.0263,0.0051
1994-09-09,20.2,19.0,20.4,18.4,18412.0,星期五,0.0105,-0.0594
1994-09-08,18.5,19.99,20.2,18.2,12770.0,星期四,0.0187,0.0805
1994-09-07,20.0,18.16,20.0,17.02,15971.0,星期三,-0.005,-0.092
1994-09-06,18.78,20.1,20.3,17.85,24243.0,星期二,0.0562,0.0703
1994-09-05,16.6,17.78,17.8,16.3,25320.0,星期一,0.0453,0.0711
1994-09-02,15.22,15.88,16.0,15.1,10030.0,星期五,0.0093,0.0434
1994-09-01,15.8,15.08,15.8,15.07,10818.0,星期四,0.0128,-0.0456
1994-08-31,15.3,15.6,15.6,14.65,16830.0,星期三,0.0099,0.0196
1994-08-30,14.18,15.15,15.8,14.0,20672.0,星期二,0.0057,0.0684
1994-08-29,13.78,14.1,14.3,13.7,4262.0,星期一,-0.0086,0.0232
1994-08-26,14.2,13.9,14.35,13.8,4592.0,星期五,0.0014,-0.0211
1994-08-25,13.85,14.18,14.18,13.83,3697.0,星期四,0.0,0.0238
1994-08-24,14.25,13.85,14.3,13.76,6276.0,星期三,0.0056,-0.0281
1994-08-23,14.1,14.17,14.28,13.22,5848.0,星期二,0.0292,0.005
1994-08-22,13.65,13.7,14.05,13.51,5784.0,星期一,-0.0612,0.0037
1994-08-19,15.3,14.54,15.59,14.2,11407.0,星期五,-0.0129,-0.0497
1994-08-18,15.22,15.5,15.59,14.5,17655.0,星期四,0.0215,0.0184
1994-08-17,14.2,14.9,14.9,14.0,5110.0,星期三,0.0216,0.0493
1994-08-16,13.5,13.9,14.6,13.5,4094.0,星期二,-0.0146,0.0296
1994-08-15,13.9,13.7,14.4,13.5,3639.0,星期一,-0.0252,-0.0144
1994-08-12,13.98,14.26,15.4,13.8,7115.0,星期五,-0.0359,0.02
1994-08-11,16.1,14.5,16.4,13.9,22554.0,星期四,0.0321,-0.0994
1994-08-10,12.88,15.6,15.77,12.68,20178.0,星期三,-0.0242,0.2112
1994-08-09,15.48,13.2,15.48,12.51,18399.0,星期二,0.0452,-0.1473
1994-08-08,13.8,14.81,17.8,13.8,28693.0,星期一,0.0534,0.0732
1994-08-05,11.01,13.1,13.1,11.01,21018.0,星期五,0.0157,0.1898
1994-08-04,11.5,10.84,12.0,10.6,24270.0,星期四,0.1058,-0.0574
1994-08-03,8.81,10.4,10.4,8.81,15692.0,星期三,0.0126,0.1805
1994-08-02,9.1,8.7,10.01,8.7,18268.0,星期二,0.0341,-0.044
1994-08-01,7.7,8.8,8.99,7.31,11321.0,星期一,0.1579,0.1429
1994-07-29,6.51,6.65,6.7,6.48,1581.0,星期五,-0.0398,0.0215
1994-07-28,7.01,6.78,7.1,6.67,2421.0,星期四,-0.0127,-0.0328
1994-07-27,7.65,7.1,7.77,7.1,2719.0,星期三,0.0,-0.0719
1994-07-26,7.48,7.65,7.76,7.28,2719.0,星期二,0.0108,0.0227
1994-07-25,6.18,7.4,7.49,6.18,3639.0,星期一,-0.1332,0.1974
1994-07-22,7.37,7.13,7.4,7.13,1128.0,星期五,-0.0134,-0.0326
1994-07-21,7.74,7.47,7.74,7.3,861.0,星期四,-0.0039,-0.0349
1994-07-20,7.98,7.77,7.98,7.76,527.0,星期三,0.0114,-0.0263
1994-07-19,7.78,7.89,7.99,7.71,672.0,星期二,0.0052,0.0141
1994-07-18,8.02,7.74,8.05,7.72,1002.0,星期一,-0.0172,-0.0349
1994-07-15,8.7,8.16,8.7,8.11,1428.0,星期五,0.0,-0.0621
1994-07-14,8.97,8.7,8.98,8.62,953.0,星期四,0.0022,-0.0301
1994-07-13,8.72,8.95,8.95,8.72,604.0,星期三,0.0023,0.0264
1994-07-12,8.65,8.7,8.76,8.56,475.0,星期二,-0.0035,0.0058
1994-07-11,9.0,8.68,9.02,8.65,1229.0,星期一,0.0112,-0.0356
1994-07-08,8.6,8.9,8.95,8.6,1139.0,星期五,-0.0035,0.0349
1994-07-07,8.7,8.63,8.79,8.58,1030.0,星期四,-0.0114,-0.008
1994-07-06,9.11,8.8,9.18,8.63,853.0,星期三,-0.0076,-0.034
1994-07-05,8.9,9.18,9.18,8.9,759.0,星期二,-0.0111,0.0315
1994-07-04,9.0,9.0,9.1,8.92,1208.0,星期一,-0.0249,0.0
1994-07-01,9.6,9.23,9.6,9.2,1237.0,星期五,0.0105,-0.0385
1994-06-30,9.55,9.5,9.65,9.17,2061.0,星期四,0.0,-0.0052
1994-06-29,9.62,9.55,9.99,9.02,1809.0,星期三,0.0021,-0.0073
1994-06-28,9.72,9.6,9.74,9.5,1042.0,星期二,-0.0031,-0.0123
1994-06-27,10.0,9.75,10.0,9.7,1973.0,星期一,-0.0272,-0.025
1994-06-24,10.5,10.28,10.51,10.2,1267.0,星期五,-0.0028,-0.021
1994-06-23,10.6,10.53,10.65,10.5,871.0,星期四,0.0047,-0.0066
1994-06-22,10.5,10.55,10.7,10.45,1416.0,星期三,0.0019,0.0048
1994-06-21,10.5,10.48,10.65,10.33,2578.0,星期二,-0.0141,-0.0019
1994-06-20,11.28,10.65,11.5,10.61,4474.0,星期一,-0.0148,-0.0559
1994-06-17,11.0,11.45,11.47,10.61,3345.0,星期五,0.0252,0.0409
1994-06-16,10.5,10.73,10.75,10.38,1368.0,星期四,0.0165,0.0219
1994-06-15,10.35,10.33,10.5,10.3,880.0,星期三,0.0,-0.0019
1994-06-14,10.53,10.35,10.6,10.32,1075.0,星期二,0.0,-0.0171
1994-06-13,10.75,10.53,10.95,10.51,1150.0,星期一,0.0,-0.0205
1994-06-10,11.0,10.75,11.04,10.75,1150.0,星期五,-0.0126,-0.0227
1994-06-09,11.4,11.14,11.53,11.14,974.0,星期四,0.0,-0.0228
1994-06-08,11.3,11.4,11.5,11.07,1652.0,星期三,0.0,0.0088
1994-06-07,11.75,11.3,11.75,11.3,1053.0,星期二,0.0,-0.0383
1994-06-06,12.18,11.75,12.18,11.75,635.0,星期一,0.0025,-0.0353
1994-06-03,12.05,12.15,12.35,12.01,1296.0,星期五,0.0,0.0083
1994-06-02,12.0,12.05,12.15,12.0,716.0,星期四,-0.0123,0.0042
1994-06-01,12.68,12.15,12.68,12.02,967.0,星期三,0.0063,-0.0418
1994-05-31,12.28,12.6,12.6,12.01,1725.0,星期二,-0.0016,0.0261
1994-05-30,13.2,12.3,13.2,12.23,1652.0,星期一,-0.0038,-0.0682
1994-05-27,13.15,13.25,13.45,13.15,1015.0,星期五,-0.0295,0.0076
1994-05-26,13.78,13.55,13.79,13.49,898.0,星期四,-0.0014,-0.0167
1994-05-25,13.8,13.8,13.95,13.75,334.0,星期三,-0.0036,0.0
1994-05-24,13.8,13.85,13.96,13.75,1172.0,星期二,-0.0029,0.0036
1994-05-23,14.2,13.84,14.2,13.83,755.0,星期一,0.0107,-0.0254
1994-05-20,14.19,14.05,14.19,13.95,660.0,星期五,0.0136,-0.0099
1994-05-19,13.75,14.0,14.0,13.7,1766.0,星期四,-0.0072,0.0182
1994-05-18,14.23,13.85,14.23,13.8,1721.0,星期三,0.0078,-0.0267
1994-05-17,14.3,14.12,14.38,14.05,1002.0,星期二,0.0021,-0.0126
1994-05-16,14.4,14.27,14.7,14.22,8176.0,星期一,0.0286,-0.009
1994-05-13,14.0,14.0,14.1,13.8,1180.0,星期五,0.0029,0.0
1994-05-12,14.1,13.96,14.48,13.85,2128.0,星期四,-0.0323,-0.0099
1994-05-11,14.5,14.57,14.68,14.2,4992.0,星期三,0.0083,0.0048
1994-05-10,14.0,14.38,14.38,13.8,1980.0,星期二,0.0036,0.0271
1994-05-09,14.1,13.95,14.1,13.6,1654.0,星期一,-0.0091,-0.0106
1994-05-06,14.84,14.23,14.84,13.6,3558.0,星期五,0.06,-0.0411
1994-05-05,14.6,14.0,14.6,13.82,5613.0,星期四,-0.0122,-0.0411
1994-05-04,14.3,14.78,14.98,14.3,13487.0,星期三,0.0156,0.0336
1994-05-03,13.9,14.08,14.1,13.8,1956.0,星期二,-0.0121,0.0129
1994-04-29,14.25,14.07,14.39,13.4,7627.0,星期五,0.0021,-0.0126
1994-04-28,15.0,14.22,15.2,14.22,8741.0,星期四,0.0204,-0.052
1994-04-27,14.58,14.7,14.74,14.0,7746.0,星期三,0.0268,0.0082
1994-04-26,13.8,14.2,14.28,13.6,3675.0,星期二,0.0222,0.029
1994-04-25,13.92,13.5,14.15,13.28,4244.0,星期一,0.008,-0.0302
1994-04-22,14.5,13.81,15.3,13.5,25864.0,星期五,0.0211,-0.0476
1994-04-21,13.13,14.2,14.6,13.1,13782.0,星期四,0.0015,0.0815
1994-04-20,14.2,13.11,14.25,13.03,6693.0,星期三,-0.0438,-0.0768
1994-04-19,15.7,14.85,15.7,14.8,1973.0,星期二,-0.023,-0.0541
1994-04-18,16.4,16.07,16.48,15.8,2776.0,星期一,-0.0296,-0.0201
1994-04-15,16.98,16.9,16.98,15.2,5332.0,星期五,-0.0012,-0.0047
1994-04-14,16.8,17.0,17.0,15.8,5073.0,星期四,0.0,0.0119
1994-04-13,17.5,16.8,17.8,16.78,2726.0,星期三,0.018,-0.04
1994-04-12,17.2,17.19,17.5,16.42,2481.0,星期二,-0.0115,-0.0006
1994-04-11,18.0,17.4,18.18,16.88,1323.0,星期一,-0.0066,-0.0333
1994-04-08,18.45,18.12,18.85,18.12,1485.0,星期五,0.0082,-0.0179
1994-04-07,18.32,18.3,18.75,18.25,1150.0,星期四,-0.0281,-0.0011
1994-04-06,19.0,18.85,19.25,18.57,1693.0,星期三,-0.013,-0.0079
1994-04-05,19.62,19.25,19.62,18.88,2760.0,星期二,0.0,-0.0189
1994-04-04,20.4,19.62,20.4,19.62,8789.0,星期一,0.0049,-0.0382
1994-04-01,18.03,20.3,20.45,18.03,7604.0,星期五,-0.0777,0.1259
1994-03-31,20.55,19.55,20.69,19.5,4998.0,星期四,0.0024,-0.0487
1994-03-30,20.5,20.5,21.0,20.5,10186.0,星期三,0.0074,0.0
1994-03-29,20.3,20.35,20.35,19.66,6146.0,星期二,0.0253,0.0025
1994-03-28,19.5,19.8,20.0,18.99,5802.0,星期一,-0.025,0.0154
1994-03-25,21.6,20.0,21.7,19.5,9094.0,星期五,0.0019,-0.0741
1994-03-24,23.01,21.56,24.0,21.02,7704.0,星期四,0.0092,-0.063
1994-03-23,23.5,22.8,23.55,22.7,4570.0,星期三,0.0069,-0.0298
1994-03-22,22.98,23.34,23.8,22.8,6149.0,星期二,0.0013,0.0157
1994-03-21,24.2,22.95,24.49,22.6,6604.0,星期一,-0.007,-0.0517
1994-03-18,24.99,24.37,25.5,24.2,8299.0,星期五,-0.0123,-0.0248
1994-03-17,26.5,25.3,26.6,24.0,11549.0,星期四,0.0115,-0.0453
1994-03-16,26.03,26.2,26.98,25.8,16912.0,星期三,0.0208,0.0065
1994-03-15,26.0,25.5,27.48,25.01,30567.0,星期二,-0.0057,-0.0192
1994-03-14,29.5,26.15,29.5,24.98,52979.0,星期一,0.085,-0.1136
1994-03-11,21.1,27.19,28.8,21.01,175868.0,星期五,,0.2886
